6663
80824
-998
4514
-3097
655
3786
-91
-84
-82
-95
-1815
-35046
-575
-46123
-89
-2804
3173
-52278
-80
11784
-92
-2966
31663
92
-7843
-87
-3978
183
3068
-100
-53643
-24126
83
-7720
87
-534
-4648
-84
652
5943
-2078
-97
-83
9221
98
66165
-6797
-1629
17004
-48289
-88946
-11068
-911
-16754
-310
-26088
96
-377
35304
484
-82
631
-8036
-87
-1406
-32760
63812
-87
-631
480
-100
9705
91
961
-6398
-82
94619
-1195
-640
-85
-83
-567
-12497
-8279
-93
-242
-820
-475
601
-9355
4184
-368
81995
9295
-459
-95
-8807
357
-74625
9325
-98
-322
-60134
-26802
80
-100
203
-514
88
-78148
5939
-83
-8657
-912
82
-335
-455
-4634
26787
-84
80
-95
-49530
91
-297
-634
483
-5140
-953
84
-1229
6390
95
-66726
-6407
-791
-475
-8921
2517
-326
-432
-528
-2626
-93
-834
-912
468
-95
23278
-94
-641
51620
2089
81
-8603
-39747
943
406
534
-67749
-93
-24918
-294
88
-87310
-98
-96
6719
-9569
17733
94
323
8177
77106
-12305
195
87
-60906
94
-86
-45092
-681
-8209
416
90741
-44460
54740
99
-86
-81761
-98
55523
-2413
-955
-9065
-4962
37269
-263
88
-3770
12399
514
-9730
-82
373
-253
-7272
48291
-8592
-2504
-3785
-880
30399
822
33841
-199
7018
-95266
-8945
-96
8462
7415
89
-327
83913
1186
-89783
-4408
-88
3912
89
569
-60871
623
-494
-5628
8252
-81
80
-92
16438
-89
-623
-82
50049
9426
96
32357
-50330
-666
-48044
-709
-148
-87
-408
-2985
-5041
1281
365
-53732
-351
-88
69493
-604
559
77731
6152
98
-84
296
-18876
-162
-93
74419
7212
-80
-657
-4141
86
2962
116
99
-325
-2385
4819
-9738
-189
-87
-3142
-331
516
-428
-161
-81
377
93
-83
-21685
419
87821
-93
-2868
227
-171
-49153
-89779
-91
-122
22718
94716
-80
-56837
-59693
-96
33933
100
-98656
-81
-6570
4142
-4943
-60826
-81
270
-30783
50425
22409
85
-219
-49383
94273
808
8367
-13629
768
-92
-268
9937
-30026
26530
100
-30711
8883
-6788
-96
93429
985
16962
-884
-25915
100
74036
390
87
-533
7248
5877
-91
-28333
681
-5276
-6791
-60055
80
-91
-776
-1587
-342
11215
65793
339
-473
-997
-88
-870
-9082
100
-4314
-838
13260
-82
-7961
-80
-75331
-269
-56458
-721
91
-83
-92
80
-76214
9062
-96
-99
59770
79140
783
-80
56421
3649
-87
-86
559
-85
-99
-84
-721
47735
-85
-6802
-91
-82100
-96
5660
-8767
-17120
-90
-5206
-88
-48892
93592
96
-850
-2219
-4081
-939
-72316
92774
-580
89
82
4948
787
-85
-94
93
-69025
-97
-7809
-4796
1446
611
-978
9316
4470
-628
-997
13750
5560
-100
-963
42937
5588
777
-612
-1069
-92378
100
-7264
-375
-94
-12460
-18294
2413
-98
550
-87
-35527
-2585
-104
-91
40036
110
-11730
-961
83
-3145
83
87910
-91
9147
-684
-7766
97846
-90
-93184
-83
930
-9827
26785
-2459
-610
55743
-88
58609
-94
-4371
1199
-786
-6698
74904
3959
97
170
-7442
158
9079
572
-82
314
846
-7740
88
-83
-93
-951
-5194
97
-98
-3202
-98350
185
-940
-970
-54714
-2197
77708
-934
-215
91
-3514
4576
-6330
86634
28122
-7674
-100
546
-90
-77271
552
81
216
90
-496
-54388
-141
-1826
-35903
-88
-605
81124
9415
-19232
-98
-620
-54769
-9139
-34300
-81
-97
-443
-98
-412
-94
-71429
91060
84
5526
88
-146
293
-62615
-2684
-215
-66059
-82
-564
594
-81433
-7736
-8088
-3699
2005
-93
-390
837
263
-85
70824
-87461
93
3031
-35671
-80
-96
609
3726
-398
-573
574
-96
100
-42281
83
95
-508
74815
7422
-21479
-99943
87
-91
9128
-301
-962
358
100
38949
1000
-5835
-382
-9591
-96
976
-438
633
38011
-3483
-183
-9366
-6199
86
-5440
2665
-97
85
92
2089
-4219
248
-963
100
-99056
-6840
-9563
-99
99
-92
-94303
-85
802
-35921
36157
93620
-93
-586
-84
90
-96
74297
-244
75978
-92444
9823
4513
98
-2712
-5401
-395
-198
-4394
50031
-92
-99
-87
89
-3724
-117
-19060
-84
185
-910
-92
9624
177
8837
-3275
-642
79133
546
-888
-5725
-71317
-542
92893
-24754
-4514
-92
7606
-827
85
-81
921
86
-22890
89
-9316
-67943
-884
569
-7057
-7546
-1000
-81335
893
95
790
-38161
97
94
-494
-993
7316
93550
-126
-7798
525
-84
-4936
-205
-6676
-6677
96
-229
-626
74130
-86
-216
-5126
17298
395
50532
-87
-93
-60305
29075
-92
633
-70678
-740
95
-4684
-2945
-761
274
-870
-7499
-99
-991
-92
-8346
-868
81
-93
3760
-59007
-824
26426
-175
9517
-838
37637
17515
31864
-92
-351
-706
49046
436
-8597
-272
396
-307
84
354
-95
-3491
-17125
-74096
-92
292
81
-5971
-186
-95
9498
-31092
961
-864
-96
22769
-593
952
-65755
-5346
-247
5507
92
-99
-96
-2861
90
-87
5160
-3963
-189
-91
251
-93
94
-96
83
7699
-714
84
-87
25397
-400
-59061
87
95101
-711
5867
-3729
-6372
-5271
84
-6876
598
-845
-3234
5614
-1665
-52467
557
-80
-91417
633
100
-9304
4576
8623
97
-410
271
94
543
91
-5241
45939
-2956
-9582
-9677
96
-963
285
-28415
-3797
-82
385
-84
-854
88019
-13134
25762
4245
-874
-280
-267
279
88
-721
-3875
-270
-21748
-7607
72642
-83
98
-89407
-3042
-48319
69197
-84
81
-88
-100
669
99
1000
83
-92
94876
-730
167
-95
903
-868
93
-84
240
21179
5992
1584
80
63154
122
-589
-722
4705
-4663
-2136
-999
-55784
-2601
-1543
-97
-8661
-4841
119
-88
-82
-6676
-85
89
-546
-97
-172
57242
-83
-360
-7064
-3627
-368
-965
-88
-887
-81
83
-5029
-81
-81
80
-65144
-98
-164
-93048
1366
-347
6183
-511
-32379
-93
-84
-65782
-832
4540
-94149
-75771
100
-167
-203
9436
-699
-100
-84
-8163
91
-290
72626
-88
89
-3136
-9073
-312
-4188
-552
-7819
81
-30122
95
87
64554
-85
-375
-303
426
-4286
-23006
-7297
990
-462
-8280
82
3393
-31107
-23088
-1744
-298
619
8225
67494
-99683
-82663
100
-288
-2775
51510
-86
-848
-91189
-25016
96
1389
-745
96
364
88
-79594
-100
-7488
592
91
-448
7427
-86
-99
-3855
114
-19394
-1643
181
-9247
97
681
-96
451
93
74338
-35752
-978
551
85
87
85
672
253
-96
-751
97037
17947
-426
1246
82186
-413
-99
-350
-135
797
6357
96
-19675
-970
-80
-98
-8932
-453
-99
-788
-9956
-88
-96
-90380
-2024
-958
-851
80
-355
85
249
95
-84207
-672
86581
86
-7226
87
-96
-97
-455
-293
-7556
-96
-975
81
912
-916
276
-75922
82181
88
-88
-91
-93204
80
-94
68498
-718
-96
-920
71068
68243
-300
3919
4281
-292
216
-51079
-61830
-26379
-369
-93
-32208
1035
-32710
8853
-35339
53502
8317
-998
-124
-871
82
-537
-86
-17762
-83821
861
-327
94
-9983
-40931
-70305
-732
270
97
375
-81
90
37747
6433
-99
-700
411
-385
62440
-3669
-1367
-741
3989
-89
-85
-413
70754
-4638
-5627
-9652
-2952
-97
-608
-993
-357
493
1957
938
-90
-87
94
-821
-771
-6316
-3381
-7251
-370
8808
98914
-24286
-90
772
-6033
-92
97266
-40166
-1133
928
-1212
-82
4915
-223
-94
936
-62088
-92
88
490
-57792
-100
-88
-246
94
-8051
-9576
-15475
-879
-476
-3871
960
-14716
290
-84
-97
-83
-94741
-325
-907
-66538
-95
-509
-6027
-7818
7288
7192
3566
492
-292
914
500
-2967
-90
-2292
-7394
-408
-80
-99
453
82
83633
54075
-93380
38610
3646
-46501
-92
-13182
831
-86
-851
90078
-99
-970
-96673
6639
-1271
6330
-82
324
-44293
-7679
68867
-82
-71607
428
-88
44170
-8236
-92752
96
-87
-862
-717
-781
-9529
-838
863
-87
731
-290
85
-6105
-91082
-5384
-76215
145
-278
82
-7636
489
-391
-92
84
1618
96
-3938
-9711
-627
85
-85
89
-6240
-245
539
-9229
295
-46934
9704
-479
-82
-95
-752
386
-86
-84
329
-7340
-9384
-39909
18036
-6098
98
36255
-2760
-8427
3956
-9125
-987
9601
-98
-537
-345
7017
180
-9328
-80
-297
-1488
88
-8006
-544
58124
-80
4506
-5235
157
47372
-8578
605
-7789
-85
-80
-3236
-95
-5987
88
-88
-97
-817
556
5823
16205
-91
273
-7603
-971
6791
-88
-592
379
-326
-762
-6448
9936
-86613
-31911
-8485
-327
-78639
96
-82
20522
270
81
100
89922
-7466
-2590
375
81
9023
-98
-504
-99
4639
-9357
582
311
-6099
-183
-89498
-5841
-80673
-3038
-95
87
8813
-7968
-100
675
554
-81
6967
56239
647
459
96
-300
-89442
80616
-95
-7791
-47927
-8068
-88876
99
589
754
1310
-91
4647
86
-4207
201
994
927
88164
-142
93920
-340
-2556
-764
-557
100
-901
90
-95988
24806
-990
-79714
83
45759
-82774
61124
93
-50670
-91
-92
-34774
4824
-62380
-77575
-97
11127
84
405
-67733
7957
-7137
4142
-96
3372
-4127
89
-89496
-3522
54116
-9569
-96
-85
-86308
-348
-87
-74298
-91
7678
-2650
98
-80
-6437
-83
-51074
-668
-18107
96
-337
-4858
-554
656
-59654
358
-4687
-94566
82
-91
7043
7045
-555
4233
100
-95
-98
96
-293
-96
-114
-684
-6317
35786
-9353
908
90
-250
-86
132
963
620
-3417
-1442
-88
-5107
-6268
-917
94
61379
-8309
8089
-92881
95632
-98105
-85
-97745
8202
-75254
558
-413
-812
93
-83
44494
-99
3802
-1264
446
-58676
-868
-484
-34062
100
-38956
39970
90
5147
-5147
7272
383
-9844
37595
6150
5783
-575
-9992
4826
-57193
-7934
570
-2800
-55879
95
29438
33411
-91
-259
-4242
-100
-84
9727
-99
7379
-30454
8147
-87
-2414
-416
16324
-21081
860
88
96
4059
-405
-80
752
-7894
832
-95
-88
82
543
-94
-76638
-8963
-80
-365
-844
90
-93
-85
983
92
-5771
-6766
97
-8687
-21757
-7443
171
286
-7745
353
90920
-176
8686
-98075
93
-16138
469
-3064
-11026
-97
97
-2596
-165
4350
-111
-179
-73011
-501
744
93
-312
100
-89
221
88
17214
-575
51035
-99291
-77246
-80049
-97
58294
-5848
78612
-935
1485
-953
84398
86
88543
74150
-7043
81
96
51783
82
-6426
80
98
85
-687
-50556
-3186
-2680
5103
1031
558
-100
277
-95
-770
-973
-261
1461
-11382
52679
-90
-4623
80
63545
-89
-605
-758
7916
4791
1699
-95
-85
-35964
-98
38529
82
-4138
-185
26906
85316
-51235
6088
-75133
572
-27367
10928
-27520
-99908
97
-4217
-9340
-3700
-83520
378
-215
6846
-100
-8087
-53081
-85
-546
-566
-60845
-93
-7318
-230
-1025
38672
-957
-97
6142
5125
308
-14896
-549
-56691
-151
-12560
-4837
96
703
558
-9643
924
67021
-322
-1933
-96
-68201
-857
-82
-860
-6955
32701
62807
97
25926
-837
608
-1574
56926
-45738
-957
4683
6178
680
-80
94
-632
31166
71775
-237
-430
-113
-98
-411
-1631
-4382
-101
-8215
4198
-100
95540
19252
87
88306
98
193
362
-788
-6221
6698
29764
97
-954
-96
1015
81
-5048
-9863
-7382
81750
-9171
-85
-85
734
6408
82
-97
93
-7116
91
4796
-4076
-564
-312
651
-1700
84
-2501
-95
-1465
-97
100
-100
714
-94
-7472
75082
-657
25879
844
-275
359
-843
3546
210
-4173
951
96
8364
-8925
92
-98
-1129
-903
-536
90
74748
575
-566
-839
-107
334
-99
84
727
407
3670
-728
69225
-28838
-889
206
522
107
-146
3016
93
-29884
70418
-534
545
-540
-36472
83605
-83
-948
-9223
-87
92
9649
-630
-90629
84
-82
-94
-326
99867
537
-380
-539
-89
453
84
-8700
-6007
5282
8458
-8185
-227
-94
-40604
86
-274
-595
75310
91
-203
702
68885
-83
-95
-834
-12220
-26559
-939
-87
-165
-618
-77235
-33339
-94
-98
-5341
5404
80
87
90
-92
-11196
521
-31298
-926
-82
-110
-93
813
-4042
82
-93
119
-936
-2728
-68639
26863
-5166
-82
5514
-97442
8842
5598
97
-662
965
51267
86795
-56195
-331
638
-92589
-21525
-7065
830
-87
100
-9779
-71920
-57213
96
-39811
-25377
276
941
475
2223
7970
-8670
86
-6935
801
-655
5201
-100
3863
-96865
833
-580
-128
83867
507
9315
-91
1110
87
-98
-502
20471
6439
93
4832
-880
-82
-878
981
-91009
-464
5263
-91
-85580
-920
91
261
-768
-93
-374
37920
-23983
980
-9772
-85
-3048
-97966
-96
-656
547
88
-99
-1070
-29893
-92
451
-980
112
89
-30530
-62932
-27299
-9781
-640
84475
-6942
-449
83
5324
-1938
-920
-97
-22862
-93516
93
-93
9302
703
-79835
-1304
-81
-84152
-81
-91
-202
-4475
-87
-3269
-846
841
97
271
-3372
-6687
-31811
-73854
3379
3607
-96
-132
-731
-98
3518
-670
-261
496
-32924
310
5629
604
-96824
-55615
-94
65753
-98
-27603
98169
126
25848
-983
-32350
97
-895
-77790
-6403
-87921
-827
-86
-53368
7365
-96
-96
-7335
81
-9186
94
745
694
-94
88
-92
85
-97
-4537
-3470
-93
-90586
93
-83
-9076
-33522
-5117
704
-3921
-777
997
-369
-38825
5008
9084
-8462
-95
-8087
2917
83
67405
-90
-89
405
9300
-731
-658
1297
-595
98
78082
-9149
50136
30191
859
-3171
3068
-315
-9671
5688
-81783
-68645
-63398
-72350
90
730
7822
424
96
-723
5076
-7669
-183
-196
142
363
-83
-359
8746
-80
85031
-284
962
-1859
-211
53649
-52757
19330
-249
678
94787
-88
86
41736
-555
-894
-100
-26279
84
-89
3421
-88328
100
-87
-82
202
284
-997
-80
-85867
-54677
-1214
-98
-47871
-97
5837
-5573
-94949
91
282
17391
-99
-98
534
5405
61333
-995
-172
-5733
-4814
-414
-84
96
-3578
94
899
-80283
-688
31801
-94
-485
300
5288
1073
86
-98
-89968
-87
-5069
-8893
-96175
-4929
89
5331
-1965
-987
-94918
9212
-318
-836
-87
-91
84
-13860
-6605
-7297
-509
83
-530
-437
-85870
-93
97
-668
-295
-549
85
-2392
734
-97
-771
-5088
-277
-796
-8799
-4876
-4258
-475
99
647
-5669
49046
-7541
-36959
-836
-8327
-44285
-6218
-7961
70313
-607
-997
6328
-68168
-82460
-713
-45216
8880
88428
-790
-523
8401
51680
87
2022
-706
7275
-502
-99
358
84
-7912
642
80
-172
-8043
84988
-285
-617
-79090
-20474
-27388
-23770
-900
-89
-2263
-825
9329
-82
-299
53111
399
-99
-84
-157
-80
728
-490
-435
-275
9216
-92
-5745
3872
87
-86
-91
9258
-99
-51083
756
333
5100
-71982
3350
-20929
89
7332
-589
-83615
81
-402
-31017
-105
-887
4223
-350
-687
-8302
832
-80
-73322
-82
-5078
-81
84
-3108
-39519
24897
-11464
2527
-93
98
78988
-16063
2133
-78536
37760
-57290
-7262
-3579
90
746
79641
4745
73855
-897
-805
-3873
-1944
-906
758
-92
-98
-127
80703
6069
-2619
-365
85
-7598
-84
-85324
1238
-63449
-4987
4274
-92
-802
-5654
-94
-98951
984
-470
18573
325
58158
-29490
-97
-89
-47599
-5023
-87
1599
80
897
-74834
-83
-82515
-541
2119
6577
282
-79515
-91
4821
-57267
-6834
-58494
62764
-6562
84435
-2517
-645
558
-84
2164
-1862
-84
-1438
568
98
-6432
-2067
-3424
-98
-59284
89
3030
-80
-316
-61154
381
100
-85
-50626
-925
83
-52364
-94
81
-83
-380
-219
-33265
-764
-2048
-86
-5039
-148
96
42538
-80
-92
-386
98
1954
-91
-6963
-81976
-262
14277
-4291
3468
-92
223
95
81
-320
-987
2141
-88
-75275
-693
-81
-33732
90
634
-1275
214
-81166
19423
-82
-86
100
941
190
-6847
889
6014
876
-3818
-501
170
-603
-143
-31136
-81939
-843
-19972
93
-586
-86
89
-496
-816
434
-9660
97
-640
-2906
-765
9526
-99
88
-93170
-414
94
-7262
7703
-3409
-780
501
447
6009
-74999
-13220
-33411
902
7834
-93
-8037
772
8271
-95
99
-3633
-56011
37863
2207
2915
-85
-233
-95
497
20138
-451
92964
38551
5807
-1126
-369
-2246
66164
79080
-874
-7817
-108
14024
1964
-88
-495
-82
-124
-53930
-5331
-3941
-88
75646
-70445
-2327
9182
83
5969
-6851
-87947
100
-221
-778
205
8306
7188
-28841
96
84
-95
-25867
98
40239
-55294
-6799
-6021
-99
7622
-98
-83
853
803
-791
11250
-489
-90808
-69808
98
148
-87
90
-645
2141
-66040
-7327
99
143
-372
-82
-830
85
-94537
1184
3898
6746
-1295
46231
520
90
-99
-23528
3444
294
23139
-68119
341
83
-82
90
-6258
3865
-26835
94
615
-83
-8636
-1054
425
-7651
-787
1638
1995
39681
-87
-9465
94
49761
21519
-6382
-95580
91284
589
-32815
-1235
-193
-82
-96
11974
-91532
-2166
86193
-6417
-85
-342
-44081
-84
-138
-87113
-86915
-89
92
-32320
-1294
-92
-40937
-93
-95
-1308
-11845
89958
641
-4614
-25198
40300
97
-12773
-6510
-660
8103
8862
413
-777
-936
-81
-903
907
8731
-5191
751
-5954
-7084
-2855
-707
4523
-42802
-554
-163
-82
83
435
-87182
-836
-640
74793
89
2159
756
92
-87
990
-98577
62122
8811
28625
-95
-8095
-2773
132
8012
1139
33557
-3109
-2699
32860
3822
97
9344
292
-71187
-572
450
643
1561
7703
64629
-10413
8141
-89
-96
-87889
493
-95946
-830
-9547
422
87
-451
96
-108
-510
-9672
-561
-3207
2326
12456
81
-221
-8962
-92
-496
-561
-28374
2142
-472
-899
-862
-104
6647
88
6374
835
-43073
-60823
-396
-95
92
-81
-813
36447
-4017
-84
6830
49605
-432
-336
632
-6506
7587
-866
-189
502
-60407
5507
-94
-81416
86
83
35105
-823
97
66314
-6822
-531
-769
-204
-1025
-32531
4907
436
60286
-950
-548
-96
-24725
-71615
789
-6969
2493
-317
-51829
-83
90
-201
-2556
99
6338
80
85
83
82
-69927
4587
99
6628
63049
4045
-9087
16897
-95
-96965
-97
-3490
-30344
7320
-2156
-7542
-88
-9821
95
93
81
-8202
-96
287
-79655
-84
-500
-8594
-87
8886
-83235
82382
-82
-5617
-5723
-594
-38456
1854
-6613
-524
-57832
-99
55243
-72278
-95
-86
-96
88998
5632
-81
7198
99
-95
-78718
-85
1894
-95
-8267
943
-23872
163
-24588
-1234
-8666
18387
816
-41757
81
-46043
-563
33990
83
96
-2579
251
-9000
-2654
-5841
96600
59101
-175
-6328
38309
7730
-3123
-259
94
-3345
-98208
-4596
264
-573
91
-398
-9281
-758
-6456
3408
-64963
93
-56301
-121
5346
11040
3570
97
84
375
-8904
96944
2188
81
7121
-85
-3382
54962
-276
57715
-55018
-1392
8670
872
97173
-26867
-94854
-16196
1955
-17317
-3075
78514
-4506
-998
-808
-3081
-811
-6753
-386
1471
-7132
-64770
-8865
988
-124
-14253
641
-96
-83
22701
-81
92
-86
-41057
-96
98
934
-587
11503
-81
-84
125
3235
798
-370
-86192
98
94
-24735
-5566
-255
-82
4649
-10567
83
90
71940
-94
98
978
7616
98
-97
-2113
-49127
-177
-410
-91
97821
-92524
-96547
12649
85
978
-54339
-96
-94
3415
-72749
-578
-13136
-641
937
8692
-8677
-1875
93
-87
89
-12262
86910
-7574
-75557
95
2186
-717
-4453
-4383
-184
87
85
-39064
885
100
-5986
7985
657
-5122
-52548
-20333
92
-80
-563
63210
81166
-2783
2674
-106
-55995
-78805
-46679
19983
-94
-96597
595
-71948
-3994
234
-94
-66179
93
-91
-85
63755
-290
86
-806
-3039
88564
59754
-5001
9861
-82
-2502
-185
863
-94
-3702
-92
-391
96
237
9991
454
-837
4293
-4174
-3633
147
-100
-95
-39269
-2763
-88
-263
-6888
-452
338
-2888
-910
-9834
-786
7188
93
-47619
-6967
-916
-3096
-94
8679
-40627
489
415
-4445
-678
-5996
2619
-32512
-117
8608
-84
-952
-6924
93314
-54698
-97
83
-56009
-87
-644
64474
91
25099
-489
-90
-7034
-20412
-98
-79788
7949
-688
-1644
-6395
-988
93789
98780
7117
2975
749
-394
91
-7894
-311
678
20316
-8802
865
-514
90
-10729
-7127
-27260
48542
12064
93
-33285
-929
-515
-9010
-781
-8815
-43176
5322
-3188
-94
-614
15155
-36090
87
46927
-523
-95
83
-2447
-80
-85
869
-806
-85
85
612
47871
-61439
-1517
-28290
-1128
-96
5830
-900
-96
68605
-730
85622
80
-83
-84
466
90
856
97
6742
44154
-480
97
-4179
4181
6896
-87
-280
-83
614
-910
-27328
-84
-218
-88
319
-7595
-75957
-3780
87
-98
98837
960
6499
81
2865
215
-65799
-5694
194
-927
79171
-48239
-99
-5632
-4888
84
-7282
-86235
91
-36998
-587
-20806
-7438
-8509
-2586
-78974
254
-200
-86
84
95
89
99441
-88
85
99
358
92852
-88
-94
-57613
315
90613
-7929
-697
-94
-23602
-96
833
-817
-570
9543
-854
-7698
-51695
-363
-5637
-96
-9181
-491
659
58269
161
-72601
-86001
-9996
-99
-12147
1306
287
-9801
-1877
935
-3652
85274
-88
6271
89
-107
-203
-2013
743
-576
7183
-95
-418
-7950
81
438
1630
91
-7924
82
4254
-6672
-695
-8837
-910
-44291
-835
-2033
47047
867
-232
-19631
-9178
806
95
-5454
-86
93
-334
-65906
100
-87
8403
-24363
-925
41452
-757
1294
94
915
90
86
-93
-91941
35177
327
-54126
-88
-2570
95
9842
-9847
-871
4449
67735
97560
58630
-78968
-302
-154
13269
-90077
-63439
-184
-3720
98
-725
-58753
-99
76536
-80
-610
-3434
-56852
315
338
83
-5173
91
-9905
79189
-71330
-4610
80
-3761
-484
-96
-276
91
91
-82
-6137
96
-96
-83687
2065
-94389
-45927
-84617
-672
39991
-74357
8563
-5382
90
-364
8295
-384
-998
2483
96
567
251
414
-2874
-13642
-3321
-81
1281
-95
-100
98203
-33465
5552
-4653
-81
-1043
-4929
-581
-5860
777
-100
41122
-883
-4052
1383
13849
920
-921
67472
400
-92533
-339
-63718
-53982
42626
-5724
-1528
-93
135
-480
-996
-4840
-91
-12063
81276
-663
-9934
72244
-817
-835
-100
-27568
4483
87
760
-96
-314
-4398
43967
-224
1649
-9534
-2321
32423
-2282
-1914
-557
-77074
-3018
-39208
-274
-267
-9224
745
844
81
541
94
93
-967
-444
-89
7859
-40142
82
-7049
94
-330
-628
-22719
155
511
-97
100
-100
-96
-48994
-686
-931
98
-24422
97746
6314
-98
7701
770
-490
-89
-91
41854
-93
76968
-81
-5498
18822
-1294
-716
556
82
81
-62972
-93
-85
-1739
-451
-191
13906
-687
-91
-3383
602
-3216
-76506
-966
7473
86
9535
-97185
85
-20111
4401
79870
-678
890
-5230
-91
-25541
-330
-7438
63084
-9258
-86
-616
-5647
6929
94
-81281
94
-6787
6951
39667
508
-83
4196
100
-718
-330
-94
6592
330
-147
-79757
-28720
-65143
-94864
-94
1639
269
-86581
-57094
-94
-24484
-98
8580
146
-48289
6649
761
62687
1823
7261
-658
-470
-90
-827
-7540
-8509
-65292
87
87338
77980
-2132
-69581
872
-671
-7921
670
576
67891
4670
-6118
-345
-45600
89
903
-81
-164
-48634
-81
-92628
-100
85704
841
438
837
88
-5119
-6076
-9737
-26743
-371
83610
-804
7558
-94
567
-379
-516
8354
86
-6754
-1825
-178
5450
-84
82
-25937
92
128
-2929
-386
-415
9722
-544
-915
-673
-5862
-96487
91883
-8591
60525
440
-6458
39703
-2969
49636
-9353
-87
1001
89
82
-80
-8794
8270
91
83
-554
51072
-96
89654
-3925
14192
-37839
-9479
-26119
-774
2395
97
287
6452
247
-667
-7163
9032
83
-7645
-3995
124
48595
372
-86
962
262
-4747
-98
8290
-86
-2771
41732
86
85
-9197
-3377
-506
2980
-804
51721
-2452
-94
2476
3900
973
-49166
-84
7313
-98949
415
-83310
-94884
7309
5230
-91004
-8733
-3911
95
-89
90
4948
47435
-96
-91
833
87222
-5780
-66414
614
66293
26886
-6642
-5438
-80
-8477
-69571
-69562
29314
715
20209
-100
-371
20121
-45636
-499
641
-95
-85965
-765
-3696
756
92
838
631
-841
6843
67499
-53387
-81
-100
84408
-94
-123
53104
21492
-587
91
27867
-498
-9731
-92069
-1164
-81
-594
58698
77395
-4449
-93
62510
-797
-7788
22367
-844
-50858
-92
86
9873
998
-81513
7903
-92
81
-100
-5930
-2870
96
319
-51845
96
-88
-4957
-409
-4469
-11960
-140
-94
91
81
-100
92
195
-97
-66426
-8067
130
675
-549
-19641
-89501
-795
55820
99
-84
-89
121
7399
-6768
-69061
-93
12403
95
-3616
-779
691
-3115
-22083
95968
940
939
-38374
-238
975
-95
31274
-81328
48518
-566
26748
-5883
-4986
95
30085
-86
2027
84
1220
-5669
-52528
84
-689
777
-8463
-72107
-6165
-68929
-3672
100
-58201
87
-26782
12404
478
-6929
-119
688
-117
-30445
-76490
-151
784
-96
644
-88
-89
3412
-24786
-1805
-5030
-711
-7904
8486
-577
-83
-97
-957
3600
-454
33529
-46584
-83
13866
3187
-97
112
3499
-94
-96
-885
-263
-708
94
-90
674
409
-91615
-68306
-12375
95
-539
-2540
60949
-409
-29075
-50888
303
-95
-6342
-52906
-5333
94195
97
-82
2804
-8401
-67035
-3306
-2909
-7815
277
-4445
81
130
-75651
650
86
2192
-6625
675
580
-991
265
16078
41719
-681
-462
-1528
82
-98
-912
10740
-630
80071
-97
93
7800
-7155
-39178
94
-95
2873
-97
796
-9423
-2508
986
-885
-911
568
-93
15798
-97
91569
-109
-44379
-80
-99
26642
-2124
653
-77992
-56353
-32989
-530
-3787
24881
-84
-90
417
-6587
-576
-55259
-376
-7553
-36611
728
-14809
177
-97
-59616
-655
168
-310
-3199
-87
-4617
9243
374
89
-404
817
994
2762
-11629
2898
84
-4348
-300
49035
-59318
-134
-78623
-49807
-4823
-97
84
-776
-90440
-63690
87
-328
5360
90
-28688
-7040
-1559
8423
91
-82
490
-650
9487
-97
-8835
-23053
-9453
-178
-490
-967
-48784
185
100
-97
84348
10138
-310
-520
-243
67828
-56629
21299
-3988
-92
-5287
90
5357
-3372
83
-88
-16954
-95913
84
-92
99320
-5361
-412
7646
93
-25860
614
830
-189
-85
-29908
-45367
-89
31663
-775
90
-3087
-6791
-53536
90
-291
-584
333
-8652
-84
-865
-527
22819
-87898
24145
101
-8435
1350
70495
-642
94151
18829
49673
-7012
80224
2873
-157
-9726
450
-59877
219
394
95
-99
-8962
85
37934
93
-95
20146
94
91
-927
337
-57166
-80
-9463
-89
165
-84
87
-188
914
-126
-4217
-265
93
-82
-917
87
6346
97
1179
-5337
18212
-144
952
63972
-13522
83
-82
-1134
-1792
-15743
-2882
-661
95
-97
373
-41969
-407
-4671
437
161
87
-83
-12366
-3908
-35545
-3025
-18440
-19831
-59489
-5260
95
2776
-264
-84
5085
-2392
555
-3912
-24663
-94
-4281
-4252
-3401
-9200
-315
-866
-92
54727
-9921
-100
34504
-84
-80
-47326
-99921
-363
-209
95
-1004
-85
-5403
-8154
675
69617
-91
-3564
-2680
-8072
-82
67412
-80
-99
-7786
941
-806
-8927
7266
-80
-315
-1527
25564
-627
859
-7244
7557
7530
44306
8664
-27116
409
62359
12693
80
-676
-4472
-8225
-65555
92
85
-81
-586
-96475
-91
-26483
-89
-89
831
66586
-96
85
93
-94023
99
-826
4429
-1639
97
-695
58036
212
-621
-186
-57709
941
-60588
1436
-86
-9139
-847
-99163
-36162
-47541
859
-83
8406
94
91
7287
18812
-99
-738
-363
-91
-1611
-61541
-44737
-38890
-72080
-1346
9639
89678
99
-47939
-89
-78563
-462
-861
83
-25279
-91
-81396
-53645
197
4952
-196
-123
-93
-11202
8432
-693
3068
21205
94
-1115
-67055
63652
-409
-51804
820
-93
-9879
-1787
-83
85
483
3390
-58300
86
-14757
866
-99
-12390
91
-85
479
802
3913
-7562
-841
504
626
6066
-21326
-5543
-14058
-92347
-31803
-868
-86
308
-1852
2089
-456
-2203
1133
-692
-4108
-917
-9190
653
-86279
-718
-30696
95
90
-6519
4127
-284
997
-322
-87
-8465
83
-88
266
-97896
-347
-30403
-92
-28438
801
820
44463
245
84
-88
-27795
87
-779
-2351
397
62402
-3441
-610
9701
42923
-29985
-333
2079
8355
-521
98
-98
8301
693
-50916
36006
-598
98
54377
98
-57991
82829
-38390
-100
-95
95
-91475
802
741
65394
85
5986
9209
832
904
-83
-23131
-587
-906
-188
-119
-533
117
9332
-7610
-476
-6423
-517
434
303
3553
-88
29353
96
215
-5104
-100
-83468
-972
2232
-8745
-324
91
-7421
47405
-2125
-9082
-618
-4085
-81
-87
-51274
57301
-29353
-9353
-96
4444
64371
83
-3182
-1448
26408
-150
-648
6642
-8829
-94
88
90
58647
-45117
-3077
-54483
45400
-96
-249
-22907
100
-655
82
-6861
818
49035
80
8175
-8639
90
3240
249
5092
-980
-96
-461
-2461
885
-98
7827
772
-88
-59910
-91
-67961
-22129
88
130
-841
565
755
-84
93855
-3549
137
81
-45942
93
-100
-84
95
-731
-49088
-81
-84809
-57948
-8583
-53609
677
3205
100
-94
-84
-980
93797
-4787
-58943
-56182
32647
-28043
62471
-4210
84
1129
-82
74995
-93
-155
869
81
463
2639
8257
-8782
94
71818
-8281
-135
26729
-1971
24669
-62307
5573
-83
5581
-80
-62461
7768
-5082
-80561
87
-102
69191
-925
-100
-86
8327
-85
-83
980
379
-1826
-8442
-5348
87
-92
-2301
190
-1030
6064
-2297
744
642
5636
8346
-81315
97
-850
-168
17745
-352
888
-45068
62491
-83
566
-530
-112
89
-96
-470
798
415
53262
9296
-7814
-2795
-98
751
-26550
57851
8185
812
-44809
-873
-591
7683
-92
6743
73922
-84
640
-93
-6167
80
-4090
-65925
-5156
86
-83
-961
1231
-4746
-98659
99
-95
-100
-92
23384
99
96094
-498
-7013
-6134
9962
192
-38812
-422
81
-24194
1924
-476
88690
887
-745
40914
13055
-28046
95
54280
-34634
-68314
-9241
246
9471
528
-33194
-4691
-8993
100
92
-83
-4032
-87
1913
95
3279
-98
88
45537
-935
-81
612
-82
-62240
9517
3103
831
-89
-180
13681
85
-84
9045
703
-628
-100
8530
6172
-6924
-5841
-62744
9891
-88
167
80
-863
-7717
-3401
-354
4508
-87
84
91512
92
492
6561
3773
-1347
4922
-850
-1586
-82
-21042
-5297
8225
-958
178
37443
-65818
2186
-3162
-247
-84
-94090
-764
-63734
-9678
-1504
96156
-2398
100
3092
-9512
-84881
7710
906
90
-76808
-923
143
-83
-593
-9264
95
93
-778
-91
90768
-95
-2561
-4308
-900
9879
23734
-5413
8271
-90155
94
-6526
3219
525
-816
83
-84
85
-8000
-298
-9654
-83
240
97
-6523
98
-4553
-41404
-84
980
9969
-92
943
98
-91
-390
-407
39009
-156
-92051
-599
-88
-97
-80
-80
-99736
-34765
-28679
-127
-977
6918
-759
267
-91
81660
-30791
-95
310
-92
-82
-4784
2680
67409
-724
-3603
-90
-96
-280
566
-28892
89
-9591
-4810
-85
-69499
11112
-4375
-269
7284
5327
-96
3416
54430
53047
-77577
-100
-93
-56049
86419
-39609
-517
-7142
9654
-3611
550
-908
590
-5001
-382
-1301
-81
-60669
65202
3714
-89
73435
-99
45630
-798
-37807
96
-8118
-8968
-925
382
-14301
82
961
-9631
-90
-4721
-16065
4945
-93
120
-273
32088
-3269
655
10116
4066
9958
-85
-47619
782
-354
8024
-7581
-90507
-7558
-8704
-4537
57985
-49998
646
-338
-89738
-82
-515
1108
-363
220
-814
-700
-412
9748
87
2766
-97
-88
-51429
-4947
-82
-86
9757
76038
57827
800
6593
-91734
-5255
7448
-209
-9525
6969
-407
-329
95
-409
-670
-223
-279
-9697
-91
41791
-89
82
-31541
762
10614
51398
-97
-756
94
-91
37962
-651
89
98
-879
224
63512
89838
-3587
3211
-370
-156
100
-7435
77431
-1301
60683
-76480
-261
-1892
220
-421
5192
759
370
-51787
7445
-92801
-404
-159
-88
-82
-89
-60705
81
38384
666
-97
86
88
-97
82
-80
-9869
21909
-88
-93
8323
-4929
944
-35498
-6953
42263
-83126
778
-7262
84
-88
-86
4655
-25592
-99
-3929
319
1486
-7322
21961
-870
-100
1014
75735
-97
-87
5590
-89
495
-3501
90
30455
-516
-8576
-49557
-270
94
-95
-291
-81
89
-25505
-89250
95
-889
-609
-87
98
86
80
-81764
-642
734
91
-387
-7656
-87
83
-121
2519
-6413
-732
-37122
1970
-4765
3708
82
-1025
-93
68116
40118
98
-77267
-721
-561
96
-48076
-88
132
708
-644
4687
82
-1902
-961
85
-88
-277
50220
121
-156
98
97545
686
-81
-175
8100
-3439
-880
6585
-22355
-2032
-3545
59144
-91
-91
-3286
-81
1562
44730
-94
64648
-257
62704
-417
93
-20402
474
99
-676
-42447
-8738
287
5713
516
87
-98411
96
-29689
-445
-5984
535
-3008
728
49879
-47162
496
-47392
-91
-9255
-80
-30234
-92
-371
348
-82
-9978
4437
-84543
-94
34708
-108
-1151
-29063
-100
-80
-84
-922
-61761
-88
98
-95
972
-762
-486
-70554
-88581
-99
90
-909
4188
-7583
-99
-60648
55720
1478
1004
-6134
-79236
6744
222
99
7773
96
-50320
-97
-193
65740
-55036
-48717
43480
585
3489
-961
-93
-8283
1842
-7398
84
-49703
-2267
-656
-804
-87
83
-46945
650
-5710
39620
82
-5743
4133
92331
-94
-11777
-6621
-96
97
-87
92
-762
-2039
-87
1699
-93518
-98
-1695
-4989
-54027
-9886
-23296
900
804
-327
47312
-1441
-424
93915
-289
94
-4824
-49357
-26295
98
-907
-3510
-93915
378
29570
-70967
8265
660
-55125
86
-86
-327
-903
-42504
-64061
85862
100
-89
33518
637
984
725
-475
-223
348
19393
-475
189
-98902
1437
76922
-33496
-394
-85576
-81
-99
-80
-53960
2731
-98
-8303
-19997
-149
-361
11224
-716
96
-82
-92
53050
-560
-4883
-1632
-554
-37098
849
-81005
85
1286
-84
-5522
8846
-671
-1440
-994
-1887
3036
-627
10336
86
-3800
4972
-850
-93559
-99
-3797
433
-32998
-92992
87756
89
44192
96
4058
2463
-60509
-100
722
90
3864
-40760
-666
128
-5044
-873
35090
-30304
291
-235
5574
-96
1282
-7018
340
81
7713
-811
91
6159
601
-90
-308
-97
67935
-98
6336
9825
-92188
-44262
-16126
-80
-271
978
-34005
-9882
-3874
2387
-873
86
958
-777
-88654
-82034
61634
704
-5693
4254
-300
-242
-92
-590
7447
-4269
-3702
1641
-24327
998
-1268
-90
23507
655
-416
-90
-849
235
84533
-27555
-100
938
-81600
6106
83291
-81
81
-7780
-598
-85
85
2263
55354
880
-16161
477
-87
98
5351
79569
-501
-92
34918
-9689
-468
-1111
-94
-96384
91
-80446
91
-856
446
-2689
-31104
488
-81
92
-11497
-3736
14664
84
2144
-36639
83
-88
-2978
-81
39838
-89
17428
-119
40046
-995
-7099
85
-45570
480
-86
-81
8640
-96236
-97
-72550
-4165
-91
100
5605
-357
95
-92
3570
-521
-94
851
-1967
-394
-84767
68244
-23049
181
-90
640
-87
3645
-9335
476
-44269
531
-31069
-95728
88
99
143
813
-92
3776
-8473
7470
5533
184
-1488
-507
338
-8834
-86135
-831
-3007
-853
-91
-5559
83
91
-2084
-8572
-867
-83369
759
-86288
353
-39250
-82
5294
-78781
980
93
996
329
-9984
-83
8885
7773
-955
-470
91
-1243
-34876
-1067
-833
98
90
87
8930
-823
-7802
84
7971
85
-97078
1264
84
-99
14101
-7507
94
8038
-211
39732
-31296
-88
81
-490
-86908
-884
-89
-416
-99
-31035
83
2583
-530
48991
3952
88
569
42332
-64968
37165
-511
97
-6950
-98367
-87
91
-533
-73390
83
3874
-3768
-9336
39578
5272
7182
550
-62111
-100
92
-97
93
-2370
-5988
-345
481
-941
-990
-596
80
82
-1712
-23661
-162
-941
2331
-326
-89185
-88
-5457
-89
-12007
-94
81508
100
-36650
-9454
-24611
1681
-95665
-576
8878
85
-98
-7069
-92
-61360
89486
-22283
-6242
-1308
31369
5861
-69605
-618
-82
-283
-9329
-96
38055
93752
92
-1814
-469
-4445
-544
-363
84
81
8550
-84
-28771
-467
-664
49234
-80
-811
-880
-5553
-896
-88
4133
93
-97
-49666
-228
-199
-98
1417
-87
-999
-5990
4330
286
-1212
-216
962
-7065
-51405
-851
-329
-96187
-343
83
-99157
-73194
-86
8344
-716
-82
-848
6106
-8719
991
-4518
2767
9294
8653
-42350
-308
653
2963
100
-213
-89
-89
80
-5220
-4039
-236
70838
-7013
-15713
84
833
9849
-4410
-1209
-300
99
83580
-99
-83
-3094
918
-748
-16425
-16893
-10659
-9245
-83
-100
-80
635
91
569
-86
-12029
-3413
-92
-768
-80
-4370
-866
316
-6453
-875
2714
-60756
-68844
-483
1882
-98
-99
52830
-945
88213
882
12279
-376
-48896
-42035
-82
-100
7342
-3153
-152
-91
-81
-172
-593
-8204
-511
1710
91
9228
-86
84
139
-14351
-63914
-5559
-7090
-94
-24892
254
-84
9209
39122
-137
88057
-17802
6030
-90965
-84
-8465
-29795
-190
-97
-8567
-207
-852
524
-498
-94
-86
-8892
-730
1253
568
7462
381
-100
623
-91
-775
85
-82524
3312
902
45680
-93
71872
-438
-84
-72085
-96
77657
-98
-19442
-37243
21895
800
-114
93
-471
-33951
175
54273
-95
-92
51640
-652
-962
-89
8556
-21171
-3041
13152
-88
-26653
-996
-529
-6473
-1752
-818
-86
7636
-667
3993
840
82
-9536
-63515
-349
-70495
-694
843
95
9191
-92
-85883
-1261
92
88
63717
-97
-99138
-87
98
-40630
-100
98
-51544
293
66046
-98
-127
-92
-94
-85580
587
-85750
14546
-87
83
-9352
-1223
90
-99
93
-875
673
86
-784
-518
89
19012
3043
-5329
9025
6252
-80
-85
93
986
-84
6825
-34656
-914
-87
90
502
-46850
-89
-75431
-69187
-83856
-83
-7019
-447
6146
93
-99150
-53837
-602
-71461
-83
-106
-32998
1681
-25097
84
84
204
-9287
-4659
-16603
2072
334
187
-1693
64082
-218
86
715
431
277
-83
99
-62733
65748
-90
-390
899
-85
82151
81
-98
-458
-231
-67664
-373
834
-7976
-81
-3952
82
93441
-1518
-1000
-32621
-80
24962
-80
-429
215
-63735
-96
8436
63657
8519
12380
-915
-388
-82
-100
-95
-99549
-3775
-783
367
967
734
-3614
-4757
-410
697
3776
58019
-521
-96477
920
-90
-692
-89
81
141
-51635
-6779
518
85
-1847
-86
-83
-3912
-4681
-8372
-7039
-14197
-148
-85119
33045
-84965
-364
-96325
8153
-14434
-92
24728
12635
746
-7220
4738
-961
7846
-978
-541
88
100
-9223
6326
-755
-973
339
90
-113
97
3448
-8147
582
-18426
-2834
-86
-95
-43623
-82
-727
-91
-444
-91
7346
806
-9427
639
-2235
-88
9837
13416
-2255
-2172
-83
5969
138
-8151
-142
727
-67440
-8513
1371
7023
8939
79377
5876
-93
-503
-934
-23225
-80
-948
-93
39208
88
-898
-726
1854
-4718
-95
-716
87
97
-23802
377
80
-598
82
-884
95
87
-44118
-6651
8856
-82
85
150
86766
-89
29134
-90
88171
84
-262
92
-81003
-89
88731
88
-95
-9983
-75936
-98
95
-411
-531
-57707
82589
85
-89
88
2814
825
-1263
89
-994
7103
2519
-96
28159
-100
-94
97
-952
-970
-328
-378
-9734
-820
-86
-27629
634
344
-44630
56385
-915
709
273
-133
677
-87
85
771
-821
92
-7516
-30715
-53489
1955
-4564
-87
-93
800
4845
-432
-9714
-274
-402
-4072
450
98
-4976
-3652
131
-99
-2076
717
-209
90
-6797
16880
-86
-78141
-660
-7258
12803
-715
6407
-163
969
96
-2569
-21690
-84
-83889
97
-95
-87
592
550
-172
-1221
-38940
99
4444
2065
2600
-555
280
709
99
640
-8456
-3585
-91
-200
-264
-1087
-1620
731
-99
-18861
-20327
89
479
-3093
63246
704
-43841
184
965
187
-6664
-83
813
43762
-8256
9747
-1139
-26601
246
-579
694
95
-3046
-57404
-1399
-5561
86
-935
-1525
-93
-2571
82194
62704
800
-94
2066
-6229
89
-8839
-96
-962
82
-489
3546
-40882
-488
2537
2629
589
-8519
-164
-91576
89
-82
83468
369
-616
-69166
95
-24065
848
-524
-214
-29387
-90
715
6818
19706
105
-8737
-61105
-400
6375
-98
86
719
-753
-92
7413
8133
-6460
-4496
-82
-1815
302
-330
-2842
-872
-645
88
-167
22842
-42550
90
-79393
-9455
-8096
-726
5358
-33587
99
8668
-54899
-7263
83
-95
-60257
6103
-88
100
-3983
445
-98
-50381
-566
90
836
-9446
99
-81
-91
5964
-249
94
-95
-202
109
89
-3875
-5479
80
-970
-42870
92
9002
22082
-324
-1845
-93
93308
-913
393
-280
-93
-1549
-440
-257
-948
-84547
-2844
-19857
-516
63886
-62554
7725
-527
-85
-75966
-30097
95
-6201
97
-82
-864
-87
-8267
4166
-9210
2463
45157
5421
-6983
-8812
-427
-948
-98
869
2554
569
-24209
-94
-70454
2833
-6686
8492
36648
1043
-85
90797
-9268
-8210
-73943
-2205
-7681
-9899
1776
82193
-85
3332
-7260
80
-72374
