10000 100
68479 11
78582 10
35991 12
7746 13
56187 6
48070 2
94536 3
37915 12
39118 6
49622 15
70055 11
90534 4
58921 4
56234 2
35948 9
63281 11
46088 5
65696 13
42937 1
32655 8
66483 6
40469 14
62994 6
70150 12
67326 3
9302 2
99522 15
38391 6
50793 8
513 6
50730 11
98847 15
7411 2
97162 14
20082 4
19356 13
74015 5
58587 10
84823 2
83477 14
789 9
39870 2
85713 13
76054 6
85667 2
3304 2
58931 5
71068 8
43475 15
66967 4
90049 10
9799 4
70244 14
16159 3
60396 6
45618 11
37304 12
13877 12
52532 1
9201 15
7251 10
59243 8
15141 10
87015 11
72313 4
95369 9
13743 6
5235 10
68429 10
20305 12
2089 6
20936 2
4772 1
51174 6
23310 8
28663 6
54441 5
32356 2
78729 1
72864 9
71967 15
68400 10
2315 14
35190 3
64957 13
91577 9
7884 1
72958 2
86171 12
84507 15
40145 10
33620 5
91387 10
44863 3
76615 8
12049 10
42047 7
78957 14
2725 7
31497 10
12571 10
97660 11
45691 6
88289 4
4949 9
51173 9
17411 7
26478 13
88633 13
41811 5
57899 12
4497 6
91624 8
23119 14
48572 9
36137 1
22871 9
26008 6
29017 15
5558 12
2132 15
78114 14
52440 5
65196 5
14733 13
31762 1
84633 9
76568 12
38320 1
49635 9
1152 9
63158 15
32080 5
32834 6
11156 2
2389 3
77110 15
28414 7
13741 8
3237 6
53346 15
25414 11
14429 14
92375 10
98574 1
17303 2
5123 6
44570 11
85515 14
4644 2
80683 11
84132 13
76538 5
76326 11
11601 9
14605 11
68444 5
33059 7
94485 15
91749 12
28890 10
36352 6
18844 9
76651 12
40011 2
85196 1
30053 6
48634 5
58181 6
8397 15
19713 2
86208 7
62653 9
11151 8
51028 13
44110 10
51716 8
26699 8
56431 5
42471 10
99818 9
70161 7
41288 12
97051 1
88785 2
37603 10
41827 15
74944 10
75909 14
46902 12
16892 5
91231 12
43273 7
48410 2
12566 10
3962 7
7873 7
46857 10
13109 15
30175 9
14450 5
82160 13
58196 15
20231 15
87053 5
45714 13
15398 5
12632 2
26012 14
40299 15
42724 8
13367 10
42296 7
96790 2
33299 6
92593 15
66839 5
68332 10
67185 12
24205 13
88538 5
31646 6
78133 9
75016 15
50603 1
92863 10
56134 6
70297 3
50110 11
51664 7
33612 12
9656 9
94781 1
77119 13
25638 2
68930 5
44232 2
33159 3
99069 14
28617 13
47034 8
58890 13
79447 8
21766 10
84885 5
20474 7
58315 10
28603 13
65043 5
6855 9
6404 10
14389 12
44343 12
3595 3
29539 2
72548 8
31841 6
4149 7
24451 4
43222 14
47626 7
66554 14
16008 3
24109 7
12696 8
92750 11
79436 9
24907 4
59982 4
29 11
68382 9
69558 7
1812 13
13979 1
11911 15
32073 13
39092 3
5801 14
63182 1
79367 13
7077 7
56889 10
81291 12
85752 13
78489 13
16149 10
47029 8
64635 3
31691 7
86283 10
15322 8
78107 7
33441 1
14397 2
68827 13
38060 9
59503 12
84089 5
2173 4
70118 15
91321 9
68981 7
91177 13
19805 4
42570 8
30396 14
53242 1
12958 5
3472 5
54683 15
33821 13
81051 9
1639 3
14251 13
76918 5
70360 11
70867 15
97190 6
98647 9
41288 10
32813 8
84851 2
4026 7
78160 11
11668 15
40504 1
57034 4
90297 1
16051 1
14560 8
81349 13
15806 10
15157 10
11422 8
80979 4
25439 9
22318 7
91328 14
64743 12
32187 6
9116 5
39051 2
39215 15
30637 10
89585 4
73375 13
59242 5
81753 13
74016 8
40495 12
54427 13
33713 10
17032 1
98080 6
92943 8
81567 11
47698 13
82419 11
30053 13
83524 13
18357 7
7671 8
37673 15
56199 7
61972 14
49665 12
14622 9
26561 7
60723 6
7475 11
69313 11
73811 7
60777 12
49799 9
27387 5
36864 5
13383 4
37986 15
4439 8
66684 5
85735 2
72132 10
77545 8
23118 7
55111 6
27190 7
77563 10
74103 1
51280 10
40501 3
31141 13
48655 3
46879 15
70484 11
38724 14
96692 5
14005 14
38511 3
96430 7
72738 11
92005 6
41092 10
92860 12
98401 6
27509 10
89367 10
25054 11
57639 5
57061 8
25423 9
27803 12
39958 2
98443 14
53942 7
49010 10
68755 9
48201 15
62969 14
11273 8
595 6
17580 7
3685 9
67560 9
12744 14
71301 6
80711 4
93117 15
75138 10
84934 4
10132 2
97717 4
34071 13
59240 9
87581 14
59458 7
73217 11
70216 8
4077 15
37465 13
16875 11
61499 3
44014 4
17693 7
4312 15
97635 1
54692 13
52920 8
58313 9
19035 11
97880 13
83766 15
28908 1
4732 10
90170 5
84781 2
34524 1
2879 6
37035 15
86878 15
52541 13
19670 5
89025 2
52046 5
64390 13
2336 6
53358 14
55095 4
12540 8
42214 7
60649 11
1149 9
3252 5
17342 10
70123 2
6807 8
18250 12
83746 14
26754 11
8446 13
44285 5
1858 11
45408 3
56333 5
67979 3
28437 4
74146 13
92762 10
92472 5
3162 10
43342 8
84810 12
1061 9
48907 15
16881 4
24869 9
44351 7
13440 4
84702 12
16581 15
37374 15
21208 9
23970 10
14641 12
50193 12
83839 7
33757 14
46630 14
72945 3
16153 15
5685 2
24423 9
91837 12
77355 3
70119 5
10799 15
48206 13
24836 14
5827 7
51832 8
81590 10
12853 2
96405 2
49011 14
70436 3
29152 5
86099 13
57358 3
83923 8
58384 4
69784 9
52717 4
12346 4
56803 5
56946 9
59142 2
67443 8
77879 3
54611 13
60048 5
4770 6
35076 11
57645 6
82856 13
7332 7
63416 2
42417 1
81049 6
50990 5
24528 11
42944 6
69736 1
10104 3
24819 12
42929 13
82162 4
51806 12
11111 14
18948 13
80602 3
58131 15
28450 3
27021 11
67103 6
79377 13
92988 9
72612 11
75705 11
18337 1
43967 3
6364 7
31508 3
38557 5
96068 15
95786 5
70604 3
15477 10
72514 15
92373 7
50696 1
85776 2
79313 12
58946 12
63976 3
96669 4
82810 2
78304 1
35037 8
14758 1
82576 10
6005 6
3415 12
93839 6
1938 10
3596 6
35923 3
57292 4
15513 2
90373 13
27924 13
57810 4
14771 15
3026 12
36209 11
25800 3
50451 4
69759 13
34500 14
16020 11
47220 2
14257 12
30324 13
19555 13
22544 1
86540 6
1023 1
94372 14
68256 6
92875 15
95884 6
51652 6
84464 15
46115 8
47325 2
52292 2
36289 13
67231 8
91624 5
30387 9
35893 4
64215 10
19013 9
46286 1
26224 4
33832 11
55682 4
57930 11
33812 14
75663 2
65018 10
41062 14
28130 6
96777 15
71076 2
50657 15
47656 11
567 12
43002 4
9176 9
1690 12
67905 12
66951 13
57101 2
5128 1
26755 2
92881 5
71604 5
13524 12
4689 2
12297 1
99482 15
47368 5
15923 3
35384 7
25402 2
17437 1
14785 13
11891 3
66065 11
97128 12
6529 3
41050 11
95212 8
16586 4
97542 3
44187 8
58572 10
36621 4
51190 6
78126 2
73138 13
62733 6
89295 4
18359 10
974 1
96180 15
22069 1
36219 3
1072 7
30430 12
96476 7
17734 1
54774 15
71446 13
89325 14
84397 12
6488 12
48731 6
63662 14
62895 1
85023 8
39426 10
91952 3
62718 9
64272 7
37318 3
82832 2
36736 7
44118 10
1516 1
38500 1
24865 15
55789 10
19661 6
67949 13
32604 2
85447 14
10728 2
30189 3
32298 7
99299 1
35014 6
56240 15
66361 3
10783 6
58920 11
8307 8
97210 7
25328 2
60333 6
97870 9
4633 12
71662 15
92731 9
65663 9
29022 8
51592 11
61185 14
66626 12
81273 11
89034 3
72088 8
29601 4
62455 14
5080 5
82151 7
64280 9
81183 6
50834 8
98895 8
80389 6
22805 8
10159 5
78923 2
71448 14
28549 9
79097 9
90789 11
13035 15
44791 1
46102 5
13625 7
51666 11
11007 5
60783 14
30355 3
82869 6
4777 3
31428 3
69800 8
59332 7
17206 10
50584 11
41778 3
34634 3
91905 9
12683 15
2448 8
47148 14
86976 14
65233 7
14593 2
82790 3
49016 15
72692 6
7347 13
26647 8
14087 11
37961 12
69728 2
65192 15
49451 11
37936 2
84571 6
35733 15
85301 1
42906 12
97075 9
80326 8
57405 9
68023 11
60039 6
30558 4
36694 8
94948 11
89279 3
35702 14
9657 7
74551 12
83544 6
57085 6
3718 14
16272 14
47109 7
6087 7
6945 4
46129 1
74407 2
95147 12
40562 12
41071 10
7758 6
50583 15
17841 10
81173 9
29395 7
10813 5
76777 6
57793 12
52009 11
38526 11
50958 15
64506 14
33041 12
98678 5
47426 9
71275 10
49125 3
8275 2
12190 11
68865 12
90619 8
60398 5
6586 1
5397 7
83339 6
57768 8
24308 6
3040 8
14900 10
25903 11
35305 5
45685 6
40470 3
6753 14
36322 14
32277 8
95645 13
74350 5
15663 9
72578 6
45632 1
13238 6
10812 9
41790 15
36839 11
11679 9
78443 6
37905 6
4040 13
51150 8
71896 4
2775 4
9057 13
65665 15
27243 9
69881 9
67438 8
73875 15
14278 4
41966 8
55903 14
27548 11
12742 11
35623 15
10404 14
44618 8
86377 14
67066 13
40148 9
58570 5
54903 4
16890 12
49952 7
93419 9
99646 3
19839 4
21225 1
8323 14
62447 9
86398 13
66489 10
96539 12
44140 13
39558 2
91973 5
394 10
70532 2
28991 11
77090 15
73481 10
71702 6
61258 2
2975 6
41667 3
69857 4
76623 8
31046 5
39732 1
89500 11
97452 9
7189 3
41921 7
71867 12
18826 3
23443 14
64460 6
3792 6
85655 7
38537 3
59097 7
10602 5
86322 2
26124 5
13429 2
46608 14
7031 14
87540 5
72037 8
43426 5
98156 12
13383 10
11686 10
1248 4
55006 6
29497 6
923 8
91257 12
84361 13
72052 11
38544 13
91812 2
86996 1
71694 2
32482 15
23047 13
41257 15
55688 4
39067 8
55122 9
24532 9
51405 10
50810 12
59856 14
39129 14
55668 5
97176 14
43022 8
27347 7
26084 15
73186 14
11210 14
26306 13
23967 3
84186 13
37627 6
3811 8
41500 14
29770 14
64169 13
28748 12
48029 3
9923 11
87729 4
42943 5
51253 3
87812 4
91899 10
6705 13
53562 15
43826 15
19226 6
70037 2
14228 10
92836 6
59168 1
42037 4
57862 10
75396 3
76421 12
52076 4
83937 14
24912 14
10430 5
61987 12
12792 15
67616 10
47175 3
36184 9
26345 14
34198 15
40211 6
50634 2
46336 11
95871 6
48211 4
90761 3
65121 7
93296 2
25940 1
87916 5
94602 3
96195 5
38061 7
72663 5
92305 3
58648 4
17406 6
19296 10
57940 10
29623 13
94721 14
43451 6
3406 8
701 5
75906 12
1411 4
14510 8
21697 14
48706 5
89778 8
83942 13
35881 15
11965 14
98820 9
36035 10
96853 3
58540 9
51634 13
31526 7
75960 12
26352 3
77761 2
25554 6
12902 9
79284 14
19926 4
23666 3
76836 1
92532 7
31678 14
61676 10
20995 6
18864 15
45397 5
76855 1
55205 5
57421 14
26890 6
82628 2
45653 8
31428 14
65922 15
61369 14
23867 7
67582 2
96545 4
86528 12
90363 5
16774 11
11379 6
21965 12
97405 14
60317 2
73922 7
33376 3
88541 12
95362 3
92979 7
45383 8
43708 7
19630 14
20976 1
17302 11
62065 11
60491 9
86481 3
29862 15
51222 6
55379 5
51221 3
72154 2
80583 1
18157 8
45292 15
10411 10
63494 14
85275 7
25579 7
38119 13
50024 7
50487 8
52051 13
8779 15
24375 1
11919 2
11029 15
65449 13
62251 1
79818 5
66295 15
36873 4
63969 13
10570 3
75660 7
55710 5
45824 11
23990 3
27751 4
79047 13
25448 14
37021 14
6921 7
15817 11
91266 13
97444 14
44530 11
35459 14
53882 14
63481 13
4471 2
9219 10
81353 11
211 10
11966 4
46782 4
52918 7
19759 8
53744 3
27959 10
4235 10
65477 14
38300 9
36230 2
68557 5
54906 13
41903 3
47212 5
24017 3
23197 3
67577 6
51331 4
77119 11
21701 10
98608 15
8079 14
17871 5
81651 10
92572 14
10586 5
41267 12
78584 15
93596 14
32114 8
8293 9
34060 10
38292 8
88995 2
7102 13
70673 13
32608 4
65394 11
64894 3
78075 12
98418 7
43780 7
82021 4
6238 11
19764 1
19900 10
56707 5
11265 3
89521 13
30645 8
95675 13
88319 2
31869 13
91036 4
867 14
46337 13
75315 1
70939 12
15227 1
31019 11
50005 14
81202 8
31515 13
74815 5
96904 6
33385 3
52204 5
82472 1
34160 1
73961 10
92773 14
22864 2
66465 15
92422 15
46633 11
50447 2
50352 11
85207 6
23217 3
11595 11
93623 15
36441 14
30145 2
83896 5
78144 1
53832 5
99263 6
74759 1
97537 15
21629 13
87335 9
59721 7
43200 2
89583 8
71838 15
44636 12
21747 7
46910 10
26270 7
9480 1
16353 1
43389 13
30977 8
58821 13
80589 5
42721 15
85165 4
17789 13
84349 12
63209 12
27505 4
70272 6
73895 15
86593 13
46542 1
59998 6
69061 2
44920 15
45592 6
56815 12
34186 9
11699 9
90961 2
30649 2
61831 3
57563 10
14903 11
71065 15
93984 2
19737 11
92914 11
37827 3
14963 15
97369 2
58281 4
23456 9
47844 10
98682 10
6126 10
35990 8
11321 8
12428 15
31521 3
13699 15
15686 4
65841 7
91347 6
85172 4
35048 4
18989 14
31592 8
7597 8
19245 4
21426 5
71531 4
91804 8
75559 2
93686 9
21947 13
97283 11
44969 1
84597 5
28203 7
58133 4
70451 2
23992 2
60965 12
34945 5
74769 11
48107 10
26008 5
94312 1
75435 11
33397 11
2396 9
61973 6
50645 13
36449 13
30646 15
15741 5
78068 4
65538 3
32000 2
57479 12
73817 11
69266 6
20311 2
53853 13
47416 9
3424 5
73056 12
95156 11
16901 11
71795 11
42613 15
14081 3
40744 14
61087 3
88207 3
18300 4
76255 7
36062 4
13824 6
35135 13
46782 15
56267 10
22087 7
2066 4
14057 8
7319 3
89683 15
34677 8
37615 7
22653 3
14055 13
52191 1
1568 4
19683 8
74523 7
48049 12
60612 12
33908 4
8762 11
1050 14
1369 9
23977 5
76806 12
7257 7
75256 9
93069 14
24659 4
56406 12
63681 1
46528 2
67047 1
31965 9
49917 3
74906 5
9656 8
84145 13
63031 3
12394 11
7214 11
70318 12
6155 10
8626 12
95248 9
68145 5
7175 3
19259 4
64950 9
40822 8
98913 1
43579 7
23245 4
7493 11
5215 6
3425 6
89875 15
34823 6
66085 15
24367 7
32062 11
11733 12
54667 8
5486 8
54577 3
74388 14
90258 13
70792 12
91732 14
31394 7
90862 7
95049 6
13180 8
57677 10
242 8
8194 9
21081 12
8795 1
69833 3
58742 3
28208 13
98865 3
86683 10
88966 14
24192 11
61696 5
7814 9
69986 1
43119 7
51663 6
4680 7
40801 10
79977 11
66636 4
31216 7
10427 3
99715 4
90286 12
77410 14
96053 13
28774 15
3104 1
70613 15
18777 2
13771 10
38052 9
71335 9
17952 4
61277 12
85101 5
93448 7
46912 11
41874 3
86477 15
52952 10
28758 3
30637 7
31 9
78561 1
2384 2
64421 11
24902 3
78943 9
65311 11
22672 7
68022 1
71249 6
30384 8
15449 15
23212 7
79613 10
80278 4
72262 1
61832 6
58839 12
69800 5
82993 2
66468 1
95311 13
52205 2
58386 8
75895 8
32562 1
58174 5
44008 2
1575 15
63058 15
4620 11
38834 9
8409 12
11520 13
65911 6
77329 2
17695 4
98982 6
50885 9
96470 14
27973 5
8009 9
29443 10
13968 7
1833 8
65708 2
44371 15
55109 2
32723 1
62765 12
21221 9
42173 2
57009 2
48673 15
50804 10
35294 7
63621 7
964 8
85651 4
31575 1
35829 13
6481 1
19601 2
3724 6
10521 14
84699 2
25462 11
64826 3
84547 3
64089 15
95795 4
57647 3
71667 4
67226 8
26093 8
173 2
25976 3
80442 11
30683 4
7025 5
51406 7
43636 5
5794 15
8160 6
4747 3
8473 4
99098 12
40102 5
85 10
41595 9
3680 2
49222 11
41551 5
84526 8
93220 8
70031 15
61408 12
5183 13
29739 15
70709 11
45523 9
8687 3
74842 2
35376 11
64373 7
45906 2
576 12
69765 9
33526 14
37903 1
26538 11
13118 14
38933 12
72045 14
3138 10
38542 12
32161 12
3811 9
18390 8
445 9
69820 2
74803 5
21870 11
88078 8
30265 4
1662 3
81128 11
58048 14
10423 12
3909 15
93347 10
91105 11
75471 15
32313 10
69532 14
43422 6
50761 14
10527 8
56903 4
98012 12
35770 1
44937 13
41758 14
75372 3
81214 5
1250 11
30492 14
6948 9
15979 5
89235 8
67469 3
74515 4
3316 4
53092 5
91142 1
93706 12
26724 7
72416 10
77410 11
75045 1
44209 9
22956 14
79315 10
62707 14
71778 12
30835 8
5509 1
80629 1
91863 4
97433 15
81873 6
34421 13
26149 1
70781 9
88247 7
65125 9
75322 8
17607 5
42762 4
44036 2
98484 10
84405 12
35898 12
72290 7
15777 13
38744 1
52021 1
81732 2
45022 7
48825 12
2148 8
12980 2
92312 13
96577 2
12957 6
77710 4
85544 11
36700 11
20889 7
60057 6
94657 8
71319 14
66684 11
57867 11
51411 13
95703 2
23190 1
24951 10
6877 3
86116 5
73800 5
31680 6
85619 12
81819 6
68355 1
49042 12
51503 5
57033 6
12152 4
32198 9
8719 9
98949 10
57729 11
11944 10
24261 6
95473 1
19022 7
24871 12
17944 13
31148 14
42861 14
88407 5
94607 8
84619 11
3527 8
13305 3
34717 6
92944 3
39922 4
22416 10
88620 11
43451 6
20224 10
21646 2
67865 1
1239 5
94757 12
7074 4
1645 15
30417 14
58929 11
89331 6
31843 3
50593 14
88119 10
47603 10
71885 2
51527 12
94739 13
9634 6
40581 13
75527 7
89673 2
41228 1
21853 3
70825 11
88132 2
79701 14
22404 2
83848 13
87495 7
18463 11
68845 1
7375 2
52873 12
48440 8
88194 4
76285 15
11261 12
2510 14
73139 5
23370 6
40492 6
20656 11
27006 6
73481 2
24431 8
90642 5
94725 1
21338 6
83165 1
18276 1
49292 13
31857 10
7264 11
25002 14
3965 15
72814 4
76811 6
78965 10
63147 14
21339 13
99680 2
57856 5
79959 15
83422 7
27496 14
56973 13
38986 15
52508 15
16997 5
60310 15
6552 4
83701 13
22222 6
54952 9
14279 5
57956 4
95549 2
73896 9
17276 4
44813 6
15474 2
94521 15
77217 5
48179 6
70472 5
34230 10
91165 6
81611 1
84786 8
7547 10
1447 15
43244 6
44233 10
23750 13
65361 15
30804 7
13404 15
38153 5
93359 15
41204 12
15939 5
67954 13
48109 10
50013 4
36178 10
58655 15
71162 7
48501 7
30111 4
85012 8
14803 5
71132 14
66654 1
770 5
98294 5
25552 13
88005 1
38247 7
97161 12
72400 8
19395 12
55649 3
96801 3
45059 3
32931 9
22657 5
44102 10
95400 5
29923 5
63469 3
64015 2
71860 10
20320 8
91482 5
32570 11
853 9
9505 10
46357 7
64679 9
29885 11
87979 3
38981 10
17519 6
58398 15
4248 9
97456 2
65307 15
95617 13
2195 8
47676 2
43437 10
23163 8
39856 15
87202 13
79056 3
29452 15
78305 7
60531 14
17238 15
11425 6
48601 5
33195 10
95336 12
31818 15
68629 7
14957 3
73230 15
30910 3
34700 6
23488 5
91966 1
59997 15
45832 3
19278 14
97413 8
70609 11
14526 13
44751 11
50356 2
33261 12
67185 9
83893 14
9187 1
98538 15
58058 13
40547 7
49827 8
95143 7
46227 9
78787 13
25007 2
78262 1
97304 8
73694 13
42527 15
23514 14
90839 11
34304 15
88351 11
20887 4
47951 4
50930 12
57984 14
73176 9
76725 3
40067 12
24286 6
77443 5
7943 3
80844 8
46146 7
42829 9
49892 11
87305 6
57573 5
67820 4
56720 12
75573 15
73889 12
82824 11
31612 11
96775 8
3119 2
71888 5
16336 10
58838 13
75957 7
96442 8
21627 10
30257 3
40965 2
32696 10
28313 11
75264 11
1981 12
47366 13
20258 3
71826 13
11818 2
2936 5
95695 11
70851 3
51305 9
13220 11
25179 8
18213 10
12284 10
85993 8
79681 10
21981 13
77589 9
65888 15
95826 11
60657 3
6508 14
14834 7
96448 9
11413 3
39516 2
44305 5
13221 10
78674 7
52248 1
84778 4
85922 13
6702 6
71801 3
97844 13
84041 2
16039 7
65622 3
66123 10
3180 15
80876 5
77371 14
72032 7
72104 8
70724 7
24053 12
47515 5
14287 3
96771 4
19363 9
91161 9
86160 4
83567 4
30999 2
89651 10
91109 8
26964 1
58823 7
51324 10
28737 4
42726 13
3935 4
8151 7
17833 6
95309 12
6244 15
19840 12
10730 4
95106 3
82028 5
36506 13
32787 2
42785 7
20828 2
35219 2
77070 4
62708 9
56910 10
4166 5
21589 5
59362 13
69767 9
9081 5
64087 1
83192 9
72131 3
39938 11
5547 10
20866 1
30449 8
44678 5
70165 15
9629 14
48355 7
36216 3
61101 9
4890 7
91489 15
27862 10
79699 13
50446 7
91899 3
65560 14
76214 4
58856 4
6828 5
90554 5
38127 5
47355 11
21286 2
12708 5
81670 10
34941 15
34603 14
36232 2
95438 6
39309 10
68959 12
84910 10
9836 9
29269 2
57487 4
85022 13
74214 6
68247 5
74933 11
32253 13
33862 4
16946 8
68297 2
26887 10
24760 1
12627 15
47448 11
41072 12
72382 1
65790 7
80010 4
81708 7
64771 6
14989 2
20685 15
63679 2
977 11
7100 9
31401 4
31526 9
17555 12
34723 3
35616 15
35039 2
53300 4
38197 8
95345 8
5908 15
83266 5
52997 4
52272 13
68034 15
37787 7
33003 13
66126 12
27434 13
1552 5
77283 13
16801 4
11062 8
65887 13
63036 2
49489 12
92642 9
73975 2
73293 15
84357 4
5686 10
98714 6
469 12
54989 1
39230 15
78464 10
43281 12
70119 5
7698 14
99311 5
96590 9
98923 1
26271 10
91572 9
26849 3
42271 6
96323 5
57412 9
42800 14
27045 2
23990 4
98610 2
15520 15
13653 2
36378 10
32962 3
96444 12
3537 11
59553 10
3952 5
16034 5
17463 12
90100 15
61545 2
15419 10
9225 11
22694 15
69591 10
33336 8
51131 8
17795 9
9831 15
88435 4
81144 5
96850 11
95387 8
89946 5
6729 13
76989 7
46020 10
36999 3
26399 8
17020 8
28931 11
89218 15
84691 1
99717 14
74358 9
25698 15
50306 6
34468 4
76477 3
88362 7
56025 13
27939 9
51801 3
91277 2
22197 8
91163 4
82172 8
2970 14
26926 13
73478 2
32486 13
17804 15
80115 5
70038 2
46134 2
81912 8
90226 10
84001 15
48771 7
76731 10
7854 15
30270 15
16905 14
97635 5
4922 2
53251 9
18607 14
29256 3
20925 3
54410 14
17950 9
2672 1
35132 8
8281 7
7588 4
92269 6
71415 8
32141 1
85682 3
55896 6
60751 15
57318 14
4764 8
67537 14
72184 2
56439 13
26482 11
92686 1
31761 3
20116 8
37621 9
12028 15
23671 8
38563 4
14750 8
14801 1
59322 13
1723 13
40066 3
94868 12
20252 7
35719 11
1446 9
99765 3
43373 15
14764 3
91939 3
10594 12
28497 14
92197 4
89248 10
20253 4
43048 10
68006 5
93933 6
31946 7
17146 4
29747 5
6779 1
10255 4
58978 13
31027 10
57204 5
36758 15
99841 10
40988 1
30858 12
97725 4
90272 2
93215 11
1251 6
26030 1
17677 11
23848 5
79778 2
82277 5
65961 6
34378 13
70408 2
96279 11
19935 5
48566 7
71647 11
57911 3
1045 7
75826 14
962 14
12281 11
17118 2
51549 12
70585 3
93416 5
80082 12
96419 7
60146 9
42156 3
39795 1
6075 15
80012 5
66108 15
7503 2
82973 12
39017 4
65867 6
85241 14
17889 1
15787 14
50346 2
90342 4
32042 14
46389 9
59960 1
13041 15
87321 12
30791 8
75200 15
98611 4
15574 7
60415 12
29900 7
34346 1
20108 10
64482 8
21461 15
8382 4
91344 15
68498 9
74253 1
80171 10
44136 12
12212 2
6086 8
29196 14
98183 3
4013 15
23061 7
55283 4
3290 11
97050 6
2279 7
24786 10
16723 14
85517 11
65524 9
67592 6
22875 6
84486 15
28650 7
9914 9
3992 5
68922 6
9976 15
18468 5
88099 5
40097 11
38882 5
80599 4
11033 13
50798 6
88888 4
43340 3
15021 10
55995 10
6243 2
88184 14
23478 1
42254 7
85968 5
4478 8
85051 15
55569 7
93954 9
61870 9
94607 13
94725 11
28311 2
36488 5
55243 3
26036 13
17267 12
13140 8
86415 3
48534 1
36846 11
44167 15
66527 7
80453 12
53072 8
86637 2
28772 8
5104 5
82114 13
53893 15
66646 9
40601 11
99311 9
88887 1
90303 9
26154 12
63614 9
20561 6
54581 5
58537 1
68032 1
77701 14
44075 2
31738 11
61756 10
73409 11
66797 6
12517 4
83971 15
57475 2
29706 6
47466 13
39972 1
14293 2
2250 3
24589 14
38650 7
50376 3
48235 12
28776 12
89599 4
23800 11
4173 5
27530 7
63677 10
43992 7
29533 11
20946 2
4119 13
25858 11
35772 11
46137 10
57642 1
95116 12
30208 3
46621 4
21831 7
63332 3
5854 13
96513 13
50853 4
72556 6
49521 13
26697 10
65269 5
89485 4
64334 3
63609 11
94458 12
96437 4
34022 2
5441 5
93615 5
79580 14
28748 5
27301 8
93753 8
24113 3
44521 11
51740 2
42184 7
51215 7
25019 1
99863 8
1188 9
90380 5
98620 12
22055 8
32171 14
84707 13
81845 6
31022 8
93771 11
19125 3
81549 4
63497 10
96466 3
29905 5
14587 11
15754 8
70404 8
39317 2
74457 8
25811 3
23024 5
64466 13
80527 10
46721 12
89811 5
19097 2
5027 12
26656 4
25541 4
51924 14
93641 11
16665 13
69090 11
44247 13
50210 5
224 3
14670 8
2536 8
12940 3
89226 9
94496 7
40466 8
47024 4
92663 3
14478 11
92042 11
80692 9
94180 1
93690 14
39322 10
43927 13
786 15
66761 6
1160 8
59233 10
60599 11
66347 11
71476 7
16912 10
68287 2
32461 8
76340 2
15439 6
80758 15
75675 12
40150 4
45615 9
46351 10
14641 14
19760 5
53518 12
93858 10
34714 5
34968 11
40558 9
66211 13
82849 7
89861 1
64173 10
73810 5
71680 6
60002 12
16991 6
10102 2
46424 7
86171 2
39426 8
83692 12
49739 12
13427 12
75155 12
61824 7
12087 2
52456 6
14613 4
30027 15
90916 5
42812 2
17945 4
43376 11
12043 13
29512 15
10790 8
51337 4
36298 5
33197 7
45971 9
82711 2
78010 10
93179 15
2433 8
98729 14
68726 1
33248 4
33004 2
1909 2
97268 13
37220 10
27347 2
6917 3
77864 14
56432 15
55358 6
30046 13
92099 11
59973 1
15153 7
17405 6
75169 1
67757 7
29361 13
63404 4
88080 3
93848 4
18459 15
44391 1
32247 2
85026 2
55224 6
93138 11
29442 9
92856 11
77802 7
62627 11
61066 9
25733 10
57472 10
21418 13
56074 13
20799 12
81623 2
77489 10
95378 9
29616 11
45725 7
68961 13
61409 8
65845 8
13831 8
24633 9
32864 6
73119 8
5297 2
72942 6
85878 4
29570 3
80606 13
73030 9
55217 9
38680 9
5273 2
21323 13
12729 12
64593 12
20272 15
42132 8
70884 5
75626 15
36251 11
5122 15
24582 11
80085 10
57652 15
8987 8
96479 8
86027 2
66744 15
26616 10
40092 5
33544 11
30937 10
3315 15
83600 7
22632 2
42099 6
45666 7
19812 9
69206 11
23572 3
8613 10
5105 7
7365 8
52976 14
31155 5
7629 6
51299 15
98180 11
14201 3
29409 2
11191 4
56894 13
57569 8
70371 2
53749 13
60486 14
97737 4
86072 8
67138 4
70087 3
76288 10
25797 8
84545 5
20980 8
10532 15
36905 2
36978 5
15468 7
59258 12
62812 1
75837 9
80732 3
81081 9
70120 2
74481 12
57761 9
4025 4
72177 3
71437 11
68270 12
23812 10
60023 10
9328 14
47693 14
63504 6
64739 3
32501 13
47765 8
37869 9
39482 9
84294 2
47945 13
99332 8
80795 9
5780 14
489 5
64159 1
62936 8
78784 4
84495 10
44840 1
80296 11
90738 13
57046 10
54227 7
72761 11
89451 1
40332 7
4482 13
39373 11
60656 11
47499 4
55419 8
51145 10
89465 7
64740 9
8261 14
61973 4
29332 12
51793 11
6160 13
27523 4
57907 9
58802 12
21092 15
78092 6
79978 5
9573 11
67539 12
48211 2
86599 12
88057 6
57360 7
90563 7
71810 4
56945 4
37299 1
99296 13
19058 13
43889 7
47289 1
68227 10
67965 3
47764 11
21223 4
60177 8
68265 8
32652 12
55689 9
50110 6
80258 10
3984 2
61948 9
32017 14
47919 3
37321 7
17253 13
6431 8
23095 14
27289 4
96454 3
20717 4
12661 1
64331 4
67792 9
26436 6
97795 3
60683 3
9258 3
79751 12
90493 5
34391 10
49637 11
56402 10
53721 7
92367 10
58351 7
38625 15
9382 9
3982 12
20702 1
34428 11
38306 13
61053 14
44495 7
943 8
57803 9
93822 13
48886 7
30636 12
39407 3
49275 14
1198 10
14699 7
45961 8
5926 13
4029 8
14490 13
25063 7
44441 13
63538 2
30488 13
86620 5
21862 12
79945 1
53646 1
51265 2
12312 8
7655 9
91642 14
37402 12
78657 13
51165 14
57157 15
77042 13
40247 14
65441 14
55248 12
60518 12
69707 1
48890 2
27037 7
9101 12
899 5
38179 15
25791 14
13872 1
5818 1
46408 7
63034 12
52433 6
51598 15
27544 11
58256 6
55456 15
56893 13
68952 6
42501 5
52521 14
84440 8
52654 10
78687 7
6969 8
95653 8
90170 1
78479 1
75091 14
45306 14
24299 6
83573 1
99575 6
19265 4
61829 7
1827 5
67762 14
39985 15
33045 12
65893 11
38839 5
59831 9
28881 8
40461 4
35486 4
44906 13
60636 11
85378 5
37339 14
98243 15
14975 14
25505 3
4294 5
95645 6
57984 12
27480 2
58107 15
81141 7
52347 14
31244 14
44926 13
97046 3
45131 2
61981 2
33015 5
63687 15
79075 7
14423 13
51534 12
54530 12
91076 8
40916 7
40155 5
73816 9
30106 2
73783 13
94311 3
4606 4
91954 3
70303 11
19940 13
10932 4
59920 14
29470 11
44480 1
14514 9
17515 15
81719 15
19564 5
3290 3
84356 3
52857 5
68029 5
56006 10
74915 12
13196 2
28497 12
98043 12
92186 2
55867 6
85939 5
24044 13
71836 13
39961 8
69974 10
41522 12
35873 15
18883 2
5639 9
17609 5
26502 9
13523 11
24581 5
29516 5
42668 12
89640 11
84044 1
71036 9
2709 11
10469 7
11160 14
82712 9
10909 2
36552 12
54414 13
31145 7
66312 8
14245 6
96523 7
94624 2
99634 4
42055 8
60327 3
18974 11
25919 9
12583 3
66094 7
24904 9
15638 5
58097 14
70698 9
14286 10
98935 12
34994 8
31359 6
33670 4
8047 6
48520 6
92325 2
14602 10
69749 10
48628 10
95895 5
18567 3
65534 2
57664 7
38862 10
81721 5
76670 13
88381 11
28979 3
38632 6
66828 8
97379 13
23383 15
34964 9
71091 15
31715 15
95441 15
16198 6
73696 13
78958 15
18508 12
98179 11
92905 12
41609 8
41549 4
85654 13
43496 4
23696 2
78143 3
40207 10
90247 9
40415 9
84777 8
71638 14
54490 5
8085 3
41647 11
16989 7
28427 3
7262 14
33482 7
10181 15
72375 8
12612 3
30263 2
6432 6
34119 8
38963 5
14985 5
51143 11
20674 6
38118 15
83992 2
92573 3
38560 12
31535 15
93553 14
24515 13
61876 15
62308 11
45885 10
24311 1
43632 3
7432 7
29968 5
35720 9
14546 15
82630 6
96547 7
10751 3
33205 3
25345 6
20229 15
3010 3
92451 2
28943 4
47291 8
32434 12
90752 8
7741 4
23156 8
4924 3
87314 15
79371 8
28552 12
65006 15
46738 4
74319 1
68716 1
2213 4
56387 8
74888 14
18321 7
17969 10
8024 7
96140 3
29254 10
66688 3
47015 12
63648 11
80677 6
87920 9
46163 6
75044 6
46741 2
1419 5
36304 2
6758 8
58638 13
24059 8
63154 8
77390 4
24998 3
44727 3
80925 2
19002 2
30453 13
75907 14
62996 8
40388 12
89762 9
50976 4
34787 15
72213 3
72457 8
54985 1
72504 15
68743 6
34012 8
19513 7
99283 1
48631 7
71710 15
88557 1
97414 4
63472 4
30714 15
76483 7
81643 4
64227 10
84978 6
47498 8
47740 4
13677 9
54517 14
77383 2
7668 12
33029 12
96132 12
35779 8
31510 7
32854 2
59170 11
48552 4
45145 3
34249 13
11817 9
81951 10
81266 14
66619 8
48541 13
62202 2
15927 12
71052 1
65368 5
84941 6
90564 4
26530 5
45426 11
23332 4
37428 15
42028 11
25104 15
70819 15
1004 12
20680 9
10900 11
25216 9
88677 7
29334 9
66815 14
68991 7
18638 15
52889 8
78915 10
39488 1
91799 12
20286 2
27940 4
13103 5
43273 11
28699 10
37931 10
24986 8
89017 1
803 2
34872 3
17140 15
67095 12
32817 8
2688 4
65271 14
8033 11
32434 10
63244 3
34763 13
28920 7
69320 13
96258 11
6693 8
84719 2
56578 5
39379 8
67211 7
74355 13
22123 4
48323 13
58080 4
35174 14
157 12
69610 2
70961 12
56508 11
99492 14
17876 7
22844 8
94351 15
35645 2
97522 5
7109 7
51458 13
81945 13
3971 9
84042 5
9755 9
64891 6
42844 15
96214 14
92278 13
71776 15
38002 9
44959 10
27009 4
59778 14
86321 15
95273 10
31508 4
9062 6
20298 4
9153 14
3832 11
9539 6
64979 15
54041 3
59107 6
82710 14
99099 8
27364 13
36891 4
6250 10
89647 9
45089 11
99974 13
99446 4
19570 13
48454 11
38459 1
29135 2
67290 10
31303 3
9557 14
2148 5
35260 5
23961 5
30311 3
98006 1
45040 12
74945 1
11916 9
61739 7
57595 7
42283 13
21620 7
4287 5
53235 6
6909 11
17054 15
48696 13
57310 9
91011 4
13128 4
46621 1
56652 12
49467 8
83245 1
68208 12
93792 1
44285 7
52117 10
33237 2
8058 8
45122 5
48015 6
43024 7
51285 15
55641 4
50509 4
43281 14
27735 11
73977 4
76225 7
1136 6
89527 10
12691 3
8111 7
6090 12
36199 9
94226 4
53227 4
8696 10
40481 2
23171 4
12935 6
77524 10
95102 2
28477 13
89950 14
12012 1
66112 10
71962 6
11179 15
88585 10
16977 11
13613 1
20193 8
9194 2
1583 6
30114 8
88385 15
67603 8
43482 13
18094 1
16489 12
65570 4
56083 4
89460 6
79959 9
13381 7
78852 4
79444 13
68024 5
22513 4
85982 8
29613 9
13835 3
54931 3
9740 3
65529 1
35860 10
35726 1
13880 10
20467 14
98111 9
98614 11
89102 15
41011 15
39034 15
20701 2
81243 11
2897 6
82 5
94391 8
56525 3
79325 2
10490 9
12566 8
39427 13
67254 6
36429 14
37887 5
85884 13
57249 4
27580 15
37468 2
5287 6
51978 12
55798 1
4861 5
85585 13
28505 10
87570 6
17161 15
27271 5
46432 14
64735 8
96285 7
48796 14
41490 11
836 11
98511 6
82443 10
42443 5
10398 10
16398 7
729 4
65081 12
28556 12
31945 10
87740 10
14503 14
91666 7
57401 15
7317 7
20734 5
47694 3
18472 15
41802 14
18332 10
83653 8
20352 3
41766 1
41817 15
28607 1
60224 1
96003 12
41349 10
31495 8
9733 7
65059 12
23392 4
24308 15
23825 4
97410 3
45645 14
26176 7
81909 1
39350 1
33914 6
10579 11
11589 11
28330 4
68636 5
45102 2
48519 5
21449 6
49458 13
23380 13
44586 2
42089 10
42131 1
98092 4
85931 12
66785 8
19952 7
54729 10
42813 5
37144 15
69052 2
31690 7
49788 9
86771 10
97128 6
75141 4
30248 14
94106 9
43305 13
69079 6
82843 15
91933 4
81965 6
82038 13
54510 3
61107 13
38960 8
15924 4
90587 7
64867 13
78436 8
63436 2
99396 8
17545 1
72421 10
33631 15
73247 15
89910 6
29425 3
55211 10
86965 4
75226 14
37948 12
14789 6
7804 7
83708 5
41181 4
77618 6
15034 1
70918 4
63333 12
10845 4
16373 9
85919 9
97275 13
76156 8
23264 9
16173 6
82226 11
62773 4
40656 2
30146 1
62308 8
90183 8
70021 12
81808 10
629 5
8667 10
24157 4
76297 4
74295 7
97520 8
52848 8
13409 13
8799 12
47142 4
40160 1
27019 6
98939 3
25641 6
24519 6
81451 8
21430 5
55436 2
82061 4
37010 15
46372 3
5441 3
54456 13
95185 13
78204 2
8761 2
53755 11
25260 15
84600 12
94525 11
31943 8
78554 8
91662 13
95540 15
48081 11
56238 5
10321 12
90169 12
20599 9
11283 2
22734 14
52201 6
41539 3
99572 4
75844 11
96085 1
73461 2
64931 11
84540 8
62983 4
81259 8
33775 2
94327 9
99053 14
760 9
52639 12
39752 3
66037 6
30130 14
97150 6
47644 10
58128 4
43002 12
97363 9
98683 15
89564 13
50905 6
15616 2
51737 1
5917 1
54860 14
70038 6
71474 5
67665 5
56619 8
18915 2
55050 4
20811 12
83134 13
65997 2
66973 2
84027 14
53014 15
21737 3
90176 8
44725 5
80376 14
63147 7
13024 10
7248 5
99512 1
10343 9
83385 15
77486 2
25541 14
21548 14
22257 1
51898 3
3974 13
30107 6
68681 1
1932 1
46128 5
53305 4
27297 13
91265 4
49174 8
95349 4
86085 3
85832 12
13649 7
66289 1
91232 8
95430 14
16781 5
89969 15
15417 3
64828 13
57348 8
30991 13
70269 8
89609 15
10694 12
97047 12
246 7
88071 12
29863 9
91408 9
40046 12
66889 1
96629 13
57578 10
22917 9
73819 12
56275 3
16900 13
34144 6
11004 5
69082 15
6406 11
14818 4
98244 4
15033 4
85944 6
46279 11
12458 5
43575 7
16145 6
90840 14
69863 2
84121 7
89883 6
1197 15
1229 15
36378 11
92705 3
49649 1
25757 6
43276 3
78413 5
56553 7
97033 11
8310 3
9757 1
78035 3
27927 15
16962 11
64609 14
23502 14
19705 5
64649 4
94138 13
83949 1
405 12
61481 8
4796 14
36058 6
65250 13
25234 12
95903 9
69657 7
89592 4
54415 8
8701 14
54444 7
8579 9
26967 9
68027 5
72814 10
60584 1
68877 15
85812 5
87371 10
86085 4
33154 4
82463 4
97689 15
3008 11
5314 14
80499 6
86396 5
97388 14
33986 9
95389 2
15420 11
73157 2
60357 3
50648 10
65021 4
57061 5
38003 15
14932 1
21606 5
26752 9
59788 14
95239 15
24023 3
23440 8
73583 2
16825 15
7227 14
69817 3
232 12
30255 14
85125 10
90106 10
98109 14
69314 13
88072 4
694 7
30170 12
55442 1
64600 2
34199 3
45424 7
8752 10
34245 15
46386 10
41867 15
20358 2
97687 14
39751 6
97316 13
94747 10
98198 3
35094 6
21147 4
32967 8
49419 8
46314 13
83415 13
92176 9
88086 6
49190 7
22255 4
90440 6
10425 10
6388 15
99399 14
53345 7
65094 2
46049 11
19736 8
49119 13
83770 9
62839 1
72840 7
15835 11
71566 12
66926 15
90514 8
31846 15
81600 5
76322 4
92554 4
61274 4
34131 3
98176 9
98928 10
29920 9
88861 3
93056 13
91110 3
64781 5
11942 2
21443 7
86781 7
40257 12
33913 7
53675 10
65159 7
33326 13
32174 6
76697 14
24375 5
14584 9
72468 9
86996 3
32423 2
96608 9
43031 2
12637 8
66998 11
4557 8
55320 6
14821 12
87915 8
65669 5
74373 8
42629 10
85309 13
87781 9
49203 13
29104 14
20345 13
32824 5
8638 15
31875 7
85493 1
68144 15
58331 10
6125 6
85597 15
65343 2
72119 1
66148 13
26749 15
92301 5
95756 2
14548 2
13535 8
20224 13
58846 1
49479 15
16379 1
35759 8
38518 8
31651 6
35424 3
87501 11
35181 10
14280 12
62341 5
57729 7
69255 6
63833 8
93 14
65498 14
11976 11
27794 6
88955 13
60257 2
43879 11
79376 4
32193 8
74199 7
24791 14
8669 9
75377 4
12700 2
71554 4
2264 2
85515 3
58069 1
4270 7
3239 3
47565 7
40565 10
88530 1
20694 8
88042 14
33662 1
46589 13
82976 7
72453 12
31460 4
19864 7
41060 8
37396 5
21031 3
30646 9
46235 15
27257 4
32271 1
50609 15
63293 6
75904 5
98163 4
10138 9
20702 10
7823 13
37087 7
34487 1
9655 5
89957 15
98044 9
16214 15
92883 4
53867 13
66059 9
68812 5
73736 9
12848 1
95949 2
18770 7
81828 5
13774 14
88174 3
84761 3
25813 15
64668 4
38380 5
33057 13
5990 14
34427 1
68445 15
89142 12
6886 11
1836 9
4617 9
71889 11
71790 6
33312 12
736 5
10072 15
82275 8
66980 15
35080 7
402 7
91417 3
74530 15
23769 7
53551 10
25641 11
58668 6
38505 10
25958 11
90662 8
33831 6
26899 1
18309 12
19114 10
2155 1
67657 14
12813 8
44455 2
42861 8
3148 11
59122 11
98897 1
83260 12
95826 10
66684 13
36711 15
21741 14
52208 1
48745 14
4941 2
61875 9
13515 10
95635 13
23098 3
92531 6
24685 5
12616 8
79513 1
7663 1
38262 13
74012 12
41472 4
68001 7
81148 2
40704 2
78874 14
53545 12
96041 7
52725 10
85507 7
41696 1
33856 3
61974 7
44148 15
69584 9
26100 11
59950 1
72384 11
4986 11
10451 13
32980 15
80331 7
78916 3
1936 11
2545 2
81088 12
83747 8
84333 14
37946 9
88613 9
98098 14
34884 11
22321 2
11820 7
85444 1
38427 9
58697 14
57188 10
83402 11
61711 1
89059 11
9710 2
723 11
58364 14
74311 3
20667 13
14462 9
82291 2
27920 7
49377 6
21671 9
24004 8
76262 8
90720 11
894 5
72598 10
33933 2
82259 5
89598 8
95132 5
10677 11
43959 11
58319 6
83370 12
69358 2
16920 12
25102 13
15895 8
73774 10
28715 2
78530 12
72606 4
28797 10
11586 15
23823 11
28245 14
61973 4
57348 14
54516 11
63895 10
7483 2
44121 13
67987 3
5570 9
75274 8
88039 5
84021 4
7886 1
50877 13
2846 1
16108 13
66827 6
75817 8
1122 6
57361 4
65486 2
69629 2
42552 13
42145 4
50402 5
70108 5
44648 6
23960 8
18761 1
54897 5
6704 8
15759 15
98874 12
9375 7
15392 4
9440 15
18053 3
80312 11
41940 14
48757 13
20495 1
51116 6
59762 1
87429 15
41368 14
40656 12
13653 9
38513 8
19150 8
8749 6
60600 11
48208 12
35785 3
69499 1
62300 6
49986 13
32545 5
72381 10
39486 11
20066 6
66775 8
89157 15
3943 13
95717 15
57767 15
89180 7
64445 4
17040 15
49996 4
83128 9
94310 1
68508 10
12494 5
33476 12
48751 7
90480 11
47866 7
49350 12
32038 14
23902 2
24460 10
43510 6
84169 10
16819 2
34459 4
17631 6
56806 8
44424 8
16518 4
40845 11
86857 14
15299 5
63329 7
61415 6
78382 6
89131 9
1761 12
93592 11
60020 5
65865 2
76748 14
31713 12
87544 15
37578 1
7760 11
87562 15
61618 7
80809 12
7839 1
9240 9
29611 5
79097 15
30548 5
15744 3
3284 2
63757 9
30406 13
5743 7
37900 14
38454 10
24041 11
92813 9
76219 6
78504 6
2337 7
42673 6
77243 15
61043 13
13017 6
61477 13
37174 6
27197 5
37377 3
55663 7
60890 8
77817 3
40799 15
86241 3
1504 9
6217 8
73910 10
42828 1
37585 4
50357 13
15671 4
63914 6
55267 1
13339 2
13967 15
90173 8
48492 8
74068 6
33072 5
97602 2
71008 13
17425 15
93371 3
23841 9
70590 1
98780 6
6985 4
63709 7
53950 4
65317 13
10937 8
24688 7
65193 10
85327 11
22331 10
39266 9
51270 14
40980 15
75947 3
70909 3
37286 11
64966 3
24188 9
30202 2
24853 9
14599 9
30955 15
91384 14
98853 13
39067 1
80674 10
32761 5
14240 7
58463 5
66208 8
17278 7
87141 4
84113 13
52689 2
65289 1
91134 2
87021 5
4498 10
73940 7
317 6
8991 12
11259 7
88345 5
13866 4
19954 15
33399 6
96670 9
19543 10
81973 7
89818 13
63413 11
99605 4
42523 2
79402 2
54697 11
24158 13
69234 9
53524 3
14386 5
50062 11
96153 4
21955 6
52989 11
80320 14
13015 11
56965 11
15712 2
41029 5
14516 8
80498 2
87299 1
44937 2
87238 14
78399 12
15400 15
60691 5
41581 7
2790 5
31317 7
76047 12
80074 10
19499 11
40046 6
71833 3
34968 8
7581 5
94083 7
33227 4
601 3
37172 1
87992 8
17027 12
71264 5
10918 11
51300 11
43184 5
4577 1
11285 11
54632 12
91878 9
1513 5
13460 15
85957 15
25928 15
3988 10
78189 15
16608 14
86883 7
94830 14
16657 7
19778 4
25394 8
72580 15
77224 15
68689 8
52519 15
48280 5
23636 6
41610 14
42725 4
92634 13
9452 13
94859 1
74405 5
71976 15
75969 10
52221 1
16387 5
74448 11
17698 14
60771 2
25226 12
98846 5
74667 8
18731 15
26163 13
35522 3
94283 9
63784 4
5694 5
31015 7
49790 7
10687 2
97190 4
26631 14
67283 1
23922 6
61872 15
95476 10
12814 4
84621 11
37090 15
81304 12
13341 9
44959 14
40206 2
66206 5
87423 2
76159 11
4967 8
39549 2
16171 9
4478 12
74973 11
84607 12
25719 3
71547 13
18569 3
38183 10
73573 13
88200 15
61789 7
12167 1
14273 4
17675 10
21966 5
23762 14
10634 4
32370 9
32600 15
18155 1
28326 9
74660 14
6746 15
53469 1
95973 7
68332 15
36929 14
18180 9
37118 13
74331 5
78642 11
61610 8
85657 10
42805 10
56600 6
68503 14
17554 11
42360 12
29134 8
41778 8
40566 9
62106 9
24301 7
10002 3
47827 8
13476 9
79794 4
23805 1
45830 11
85725 8
85904 4
56636 6
17066 7
27087 13
95215 8
86490 3
60580 8
70269 15
23645 9
25908 10
93687 5
80539 14
24200 11
1722 14
70757 5
79613 4
99572 11
84161 7
71295 15
87198 6
36998 8
29441 5
72827 3
59058 12
80905 12
13275 13
14919 9
96091 12
24852 7
25966 6
91522 11
21318 3
11993 11
14105 2
27380 2
75159 1
61306 3
7802 6
97565 1
25174 7
92932 5
94703 2
95700 13
97443 2
6138 5
16181 4
12545 9
32114 5
19282 11
75735 9
7544 1
86335 4
56027 6
16153 8
61712 15
28245 1
66079 5
19327 9
40013 7
92284 9
23697 13
22371 14
16627 2
79423 4
80075 2
82863 12
37487 1
96374 5
47555 7
6984 7
76314 10
73653 4
6751 13
66509 6
46829 4
90069 6
82442 7
46891 7
79155 1
75370 15
13022 7
11073 13
34229 1
49511 6
83701 2
4670 13
75537 8
59749 13
14612 7
21286 7
60046 5
3573 12
5855 11
53588 2
78728 2
83511 12
19055 9
26838 4
66395 10
42411 12
20317 2
89168 8
64917 4
26628 14
57076 9
76036 15
60902 8
85897 10
36232 8
41768 4
57169 10
9719 9
38042 9
61119 1
49649 1
44725 3
74794 8
11507 13
53382 8
43127 14
12602 8
39017 5
18235 12
11977 14
45328 7
21526 13
30229 8
104 11
40603 9
666 2
24798 11
96593 7
253 3
55662 12
21710 6
8325 14
60916 10
16008 10
65411 14
72041 1
47947 14
71533 9
68991 4
64201 5
95433 4
74673 8
60910 7
58459 8
78234 8
45216 1
7559 12
20130 13
46962 8
2790 2
2750 6
26327 3
13684 2
37885 1
62881 5
39780 4
82877 10
77354 7
40284 11
86442 14
90934 7
26522 8
63446 1
77569 5
14063 12
22917 9
83333 9
62682 7
62647 9
50736 14
26524 8
8053 1
21141 10
10531 15
49373 12
18568 1
50969 10
76408 2
3454 11
4012 1
22121 15
81081 15
70715 10
30803 5
9033 13
36261 14
11348 7
57976 9
27570 2
98629 7
5583 15
10620 1
33723 6
59358 11
23611 5
4417 3
42794 7
39685 5
45986 12
72038 5
81237 11
29425 15
19076 3
2292 1
80466 13
60608 6
44351 2
54984 7
88133 15
32984 14
99056 14
7830 5
75028 6
59001 9
15528 13
16437 7
30003 8
73178 7
22226 9
74834 6
44192 15
2813 1
21398 6
27384 4
2350 6
60806 11
20830 1
50568 14
24104 4
89002 2
29161 9
37928 12
74809 5
82394 1
19134 1
65199 14
18081 1
9821 11
51632 9
98531 2
79292 15
85822 11
33819 6
14061 3
65968 1
40879 3
33230 11
73954 12
88166 6
2528 7
68494 8
97813 11
10225 15
82109 13
31181 5
38696 13
50493 1
85445 14
22636 8
76145 6
97567 14
78248 6
92839 13
72806 14
93495 9
84985 5
34003 14
70742 11
67963 4
37147 5
34563 7
37596 13
51795 11
55460 5
53242 13
18580 14
90749 14
71366 9
76499 13
33008 7
20569 2
66797 3
26617 10
42733 10
27334 2
25808 9
60032 4
9962 14
39279 14
20039 1
14460 8
82491 11
80276 1
17639 15
79451 15
91823 14
46403 1
86495 2
97701 7
12992 5
91340 2
61181 9
59968 13
80096 5
90693 1
42879 2
9994 6
74172 12
20689 8
6987 9
76119 7
35513 2
1505 14
84886 3
65231 4
2722 1
23269 15
50777 13
70374 9
49158 6
31579 2
28866 7
20356 2
75561 11
98768 12
79028 2
30995 11
46452 8
32850 14
91666 7
21153 13
35157 1
28247 4
1732 11
68612 8
15953 1
79662 14
6742 4
86416 5
50046 3
81670 11
95719 8
99493 12
62084 11
52206 5
12344 14
48720 15
90128 3
46137 2
87617 1
59188 2
43033 2
82228 5
9193 8
36087 14
27915 3
2536 9
60701 1
24472 6
96446 15
58055 11
22869 11
55626 6
7348 12
39400 15
10777 7
51510 9
23293 6
129 11
57597 1
26068 15
88542 4
17621 6
76943 12
21693 13
15540 1
19742 10
9602 9
77127 6
28341 15
8897 8
36725 12
99974 5
1838 3
51588 14
52647 13
8540 9
66119 11
84300 3
1991 1
26680 8
95710 5
65919 7
55365 5
9974 12
26980 8
6449 2
91183 14
34394 3
46395 3
24123 2
88991 12
36302 1
84700 12
98829 9
78240 8
85220 6
95218 1
11514 10
72967 14
24077 8
12041 10
73927 7
99633 7
85681 6
30557 5
42661 14
21100 3
32302 5
32032 14
89355 13
7401 11
56037 7
85038 4
65985 10
37000 12
66362 1
59675 5
29932 9
98673 15
1606 10
98769 4
49252 2
87153 15
66036 15
29541 6
12732 12
9456 15
59284 6
61042 14
99865 11
18802 3
16248 13
39216 5
26850 6
67103 15
36545 10
91652 2
43299 9
579 9
45686 3
26255 5
76915 14
79686 14
18371 3
2207 10
65981 7
11696 13
82877 14
38888 12
53926 9
42802 12
6517 4
10230 1
11291 4
2241 8
44243 9
6320 9
2245 9
66895 9
18826 4
45515 15
39105 11
59966 4
35234 15
62719 11
33780 7
40252 6
85439 7
94088 6
11520 10
6380 6
37288 2
81408 3
64385 8
26251 7
39909 5
37841 3
27694 14
29190 1
43146 8
29414 5
88109 6
85348 13
21647 14
33374 14
51425 8
86075 14
37142 7
81408 7
79559 6
50290 11
52452 10
36803 2
69053 13
4407 6
16047 12
57026 3
36616 11
79850 8
28072 8
29227 4
70587 15
39823 12
29913 8
93749 12
94600 11
21646 13
682 14
18704 10
54106 8
90230 9
73180 14
61738 9
85273 3
11601 13
47836 10
86858 15
98858 7
95536 15
83210 5
46847 4
4407 5
35220 8
44736 14
14608 10
57124 1
71534 4
1837 3
53632 7
35913 13
5909 10
89133 1
80200 14
60754 9
10204 4
58217 9
73636 6
93509 1
44958 2
50066 10
37809 14
34195 15
30821 14
52470 12
87478 6
74281 9
39974 11
59557 13
71785 7
26222 9
51547 1
7925 12
38420 13
25666 13
64460 13
56566 9
25489 13
42667 15
37800 10
22802 15
14796 3
52866 13
81446 3
91790 6
38063 12
4616 4
98316 9
99039 6
65024 6
23242 11
88844 1
92200 9
91620 15
63242 4
65612 12
83280 10
16478 11
50817 9
73374 10
44031 12
21756 2
7289 1
1336 2
72819 10
97641 4
67170 10
44072 7
98413 11
78101 9
68407 10
91703 9
6792 11
51265 1
75360 15
89207 1
97506 5
31137 14
43975 3
21644 14
41264 5
43734 5
43587 15
58840 6
10823 6
75551 7
9286 9
1817 11
73127 11
72362 7
90002 4
16591 12
64695 2
84112 4
91740 6
94831 3
43903 14
69466 12
45868 8
64427 6
94294 10
69642 15
13781 7
89684 12
82047 10
20938 11
43040 4
48801 7
73471 10
94469 5
72208 1
31742 5
54223 3
53652 13
38034 13
74081 8
76134 5
29033 3
75173 5
56499 6
46994 8
48613 11
31116 13
40800 7
15605 6
26618 15
89244 11
10061 4
60466 8
75162 15
48590 12
17286 13
43425 5
39920 12
28070 8
45205 13
48024 13
96803 5
81816 6
99219 10
65499 4
79904 6
39301 9
19462 4
61545 8
52470 8
62668 8
79897 15
75819 9
94669 7
30546 10
11684 12
39797 2
4688 7
61958 7
29815 12
65248 13
49157 14
19688 12
74958 10
93571 8
80678 5
85337 9
96049 13
8068 7
45535 9
48187 5
9388 1
43060 7
17038 13
5927 2
54271 15
38720 12
86518 11
38098 12
58347 8
6206 2
16239 12
5992 8
50426 3
88642 4
37838 7
55332 6
83244 14
65080 13
91582 14
19636 7
66208 9
18711 1
60195 14
24292 7
96279 13
35778 10
37983 10
26835 10
23492 4
39587 4
42441 5
88039 3
31594 11
71304 14
75657 8
43212 9
55737 9
32644 4
15273 14
73269 5
30403 1
93862 2
19546 8
99718 6
93382 15
6845 3
62052 12
87901 14
2475 9
74996 2
65549 4
34852 8
83937 7
23491 12
63474 14
42287 12
25339 8
46444 11
14871 14
79747 7
26428 15
84823 15
3792 2
19944 12
93558 1
43338 9
25015 13
92350 5
78728 10
21415 8
35353 10
83192 13
27653 6
74160 11
18399 5
90585 9
52865 7
6161 7
60417 4
85416 12
15657 12
70689 3
25444 13
61280 6
5549 10
68261 8
20553 15
17800 1
42757 10
23453 11
91290 3
20710 12
84951 13
86721 5
63618 14
75181 1
57057 10
61152 5
36418 5
4371 1
27468 7
85729 7
99816 3
44536 12
87322 10
95157 6
86974 6
90761 9
64407 8
33421 11
116 12
90472 3
9636 14
6812 7
92123 13
22049 15
72689 13
924 12
55787 4
61096 3
91775 10
34991 4
93198 13
97909 7
95667 3
91380 15
88729 15
78257 6
19581 3
41675 8
61506 2
93627 8
76235 10
95519 4
13214 15
20614 2
19851 2
2337 3
66071 10
16522 15
36861 3
66522 10
26268 14
10608 12
98190 15
29473 5
74167 6
97369 5
20635 9
74407 6
42814 9
29442 2
25701 9
39661 1
35143 7
66597 6
72208 10
64017 12
53774 2
68408 10
49454 2
4809 6
20338 2
74818 7
76003 6
45320 15
8775 11
85253 14
82482 6
93022 13
31215 5
88951 13
21446 15
33666 15
7553 2
85449 5
18977 8
83516 2
99652 11
44019 8
32301 8
90531 1
71223 14
95165 4
17405 12
65069 11
33737 3
25533 15
87527 14
17000 10
208 10
9348 14
59649 8
60922 7
87720 13
36663 9
565 3
39529 3
41903 3
89426 14
84178 7
38741 9
65623 12
24606 7
82546 14
48424 1
54244 4
41214 5
26940 14
4129 14
42245 5
36569 10
9688 2
59361 2
86813 2
62825 10
79255 5
80769 5
81716 7
29679 4
94079 4
44994 3
96461 4
19458 13
48371 6
45998 12
24853 7
17145 3
21930 5
15054 13
76589 1
43129 4
32637 4
98643 7
47078 12
6427 14
15972 11
5875 10
20878 7
19368 7
94348 7
74110 1
84978 2
74843 4
32395 12
96073 12
66439 2
49121 7
98572 2
41814 1
50820 4
76233 6
78570 14
24390 10
90468 9
1786 15
66852 1
8812 10
30851 13
17048 13
87559 8
55355 8
70377 4
27774 12
56428 14
83589 9
24914 8
67326 15
62465 3
83456 7
48705 14
82422 2
4186 6
79211 12
78773 13
49019 8
66480 9
93438 1
83844 5
92673 7
44355 1
21905 14
32424 9
33462 15
49843 11
42343 4
28483 8
69687 13
81015 13
43392 8
90739 15
48563 10
52510 11
4542 7
76202 13
43462 4
95182 10
71126 7
54302 9
3442 10
42275 12
31751 8
31573 11
87255 4
19559 11
25025 14
12297 15
42041 10
88077 7
61597 5
91678 2
2510 12
11001 2
70542 12
2716 8
71296 4
2081 7
88646 15
43129 12
54360 3
89447 15
71613 9
73753 5
63581 8
97655 10
37488 12
41690 6
67113 13
95142 11
33816 11
12686 10
61824 13
9896 15
41850 15
50213 9
25524 1
35435 3
33831 7
63197 1
10037 5
12848 11
61443 2
15110 9
14816 13
40463 9
55856 1
88673 15
76188 10
57128 10
49359 8
46100 4
99379 7
75933 13
7278 14
20497 6
20716 7
56008 8
50123 11
33897 14
15138 15
29008 1
33632 3
24761 12
83354 1
74131 1
93903 7
21245 4
20958 4
33092 15
13079 6
43845 10
33179 15
94017 8
18679 1
60345 14
94334 14
63434 13
99743 6
96182 2
8664 5
39314 8
46800 9
48109 8
95740 2
38816 2
75198 7
50104 4
75513 12
89761 7
91091 9
55676 1
86809 14
43865 12
30271 12
29506 2
8647 5
51181 6
98412 1
5783 13
1742 5
94217 11
73636 15
92927 3
48564 3
30907 4
69986 1
13000 10
38182 13
6219 13
99974 8
88124 2
50685 10
48769 5
40918 1
51515 15
5101 13
59370 4
14879 4
95788 6
60311 9
58168 8
15172 12
88153 15
26112 10
84927 4
55548 5
84049 11
419 11
71750 11
72971 9
42964 8
50249 8
3801 15
15217 1
20366 1
24304 11
70471 12
41770 4
90497 14
69143 7
55932 9
90028 15
71045 7
77351 15
73855 5
48284 4
88816 12
27381 15
34109 2
45553 13
90623 11
91865 2
92141 15
35586 1
74050 4
77592 1
66494 5
82775 10
51987 2
55964 10
14271 6
6405 4
2286 8
93825 14
78490 4
77309 6
13252 14
56200 11
64846 2
79666 2
52882 7
19174 9
1478 2
412 3
70993 14
41026 5
74051 11
49752 2
52565 12
76683 4
23280 4
45803 6
94900 2
10796 13
32278 14
80495 6
99857 10
50902 13
29023 10
60970 13
8133 11
59241 14
38586 15
3130 4
18010 2
79238 13
91228 12
71643 3
74542 10
38155 10
24750 2
15028 4
42052 4
75299 9
86971 4
56172 11
72735 9
19238 5
25390 11
99511 12
18576 1
89831 10
17803 12
85276 14
84144 12
9289 9
65652 11
21216 6
25142 13
45253 5
33167 1
322 11
91206 7
34194 1
35315 1
99292 15
90191 1
68589 10
2221 1
93467 10
38839 13
76970 6
62409 4
38556 14
77977 3
59110 12
84110 3
88873 7
60393 3
9499 6
56206 9
65194 11
83093 4
52125 1
7987 8
70108 12
58447 12
80789 3
23719 10
27258 5
16179 9
65335 4
6813 15
37641 3
12826 8
16968 2
70935 2
59006 14
18759 12
26460 12
21667 11
87352 3
77489 9
477 14
42327 9
70022 5
3839 1
91059 2
2038 10
29298 10
78565 9
77714 8
82611 7
70148 13
38543 4
62318 7
11110 3
91937 11
59759 12
72303 8
91544 12
41190 4
44150 12
96484 15
52346 8
36327 8
47302 11
60797 9
16332 7
94439 9
73658 5
36981 15
96056 3
23330 7
86005 12
90713 15
12419 6
9476 8
47088 8
86289 14
29042 1
74453 14
79392 13
6144 10
98755 6
31832 1
55994 6
53275 13
56805 4
72427 3
46686 5
29962 9
13185 10
17782 4
87294 5
8558 5
901 8
78601 9
10156 6
55378 13
72561 2
10090 10
6977 10
94415 6
85267 15
82281 11
11233 12
80856 7
51650 7
77130 6
53293 4
152 10
48074 14
34867 3
70838 6
93697 14
62114 4
5393 12
82238 15
31697 4
85214 1
15451 2
45918 1
26829 7
59339 10
23326 4
84163 7
97048 3
13145 15
57325 6
10363 10
92816 9
52233 14
83475 8
38581 4
66997 11
39861 1
74897 11
83051 13
4019 9
24685 14
24414 2
97871 10
89915 1
51304 4
17077 4
93728 9
56757 4
75590 2
21562 13
96729 3
41329 6
60734 3
72680 6
16334 1
62613 7
433 14
58748 6
55979 10
29510 3
49507 13
59669 4
37102 10
67470 2
29328 5
65926 5
40634 5
76993 13
94932 4
46787 9
74036 6
45361 4
55487 7
15571 2
22282 15
51403 6
45345 6
81208 12
2710 6
73187 9
95763 11
21700 12
58496 11
699 14
1999 12
52312 11
15412 8
35460 5
47854 1
37410 11
73885 15
15031 2
71457 10
10083 4
28688 4
2029 2
6370 11
71002 11
88080 12
57141 6
48760 13
38484 10
8507 3
4683 12
57087 14
28345 12
33816 12
10995 10
37646 13
42645 11
44513 14
86102 7
38506 14
7886 5
60450 7
64436 12
2033 10
55948 4
35397 11
7912 7
47325 1
94638 15
77761 13
57594 8
99638 6
53869 6
94884 9
92335 1
54011 6
43731 13
53412 2
56879 11
55869 4
60440 1
89153 5
71058 12
902 10
74740 1
77796 12
94140 11
37045 4
38553 12
11259 8
1906 6
82311 6
74850 15
6940 7
42265 8
95061 4
57661 7
25682 2
38004 2
66745 12
21168 5
28258 3
62193 12
53733 11
87499 13
50226 14
4144 6
90125 4
84949 3
94951 9
50836 4
80443 9
57203 5
88030 3
23671 8
72664 4
82858 3
44159 8
93404 7
46344 6
8189 7
65756 7
36549 2
24985 8
58060 4
96259 11
18864 7
38617 10
30333 5
60229 7
11060 7
93136 6
48851 6
55490 5
25264 6
70330 13
99770 12
96927 5
38921 13
9287 13
71251 7
99896 12
7930 15
81301 11
5981 4
50293 4
68321 10
12535 7
31510 12
99747 6
13061 14
22237 9
78659 5
16782 6
79715 5
9392 7
3800 10
35414 2
5785 13
62272 5
61141 6
17175 10
24302 7
90711 2
13722 15
32713 5
22571 8
6515 3
73151 6
36592 15
80981 4
23034 8
27062 5
11797 15
652 3
63715 9
11164 10
2058 1
74085 11
99361 6
39960 9
87390 13
77305 15
85204 13
44397 15
61368 15
30727 1
29683 7
18348 8
38846 8
21214 2
48569 10
82381 2
2959 13
25860 3
25979 11
34822 1
68886 15
12689 3
16549 11
83792 11
60360 10
88648 8
58684 3
81793 15
7704 1
24339 10
81263 10
52809 3
50614 2
40921 11
47160 11
66456 15
46012 6
61184 6
69748 2
35859 1
66506 9
53821 5
70473 3
10385 6
14419 7
67854 12
25279 2
40130 14
50029 15
9508 2
21757 5
15730 7
51268 3
60122 15
34342 6
34319 15
24274 13
80616 9
58982 12
60006 7
88650 10
65292 7
56743 15
25712 5
4611 10
29345 4
85679 10
11826 12
17595 8
52473 12
33725 15
13029 5
34767 12
95035 15
59001 10
3088 3
31709 9
77395 10
34196 15
40809 2
51546 6
31090 10
15256 8
73986 11
50861 15
52073 6
77106 13
33355 14
28958 11
34354 3
21251 10
91918 3
9252 10
12375 11
266 6
27357 12
38717 14
18918 8
65030 13
83774 10
10198 5
1498 8
87541 9
35589 2
84470 8
41211 10
91134 13
58223 5
49375 8
83125 15
52442 1
18572 9
53957 11
13679 15
29444 14
37328 14
46603 4
79549 7
57579 8
20653 2
70954 9
39384 12
74503 13
5666 4
64953 15
54549 2
69409 12
37423 9
28968 6
43073 7
9867 7
65431 4
97478 4
65081 8
66405 13
51314 13
66889 12
33384 8
15826 7
81350 15
90472 6
36756 7
8788 8
29588 5
32394 12
21380 10
29752 12
38662 10
51385 1
84194 4
27308 14
39161 13
56393 14
41635 11
77382 8
57066 2
82423 15
3386 7
24235 3
624 13
49613 1
90006 10
77860 7
49002 7
97398 15
21161 8
89990 2
24148 12
82429 2
69515 12
77075 7
80526 14
5875 6
94871 11
55006 14
30056 5
27384 9
83147 11
35089 10
20642 3
37442 2
26476 11
12579 7
26088 15
81776 3
120 5
12199 4
38285 3
12541 3
92488 10
66467 14
71715 1
55969 5
22700 7
64020 6
8355 1
20413 5
2790 4
2068 3
54924 12
3027 8
78792 1
82334 15
40193 4
48122 1
92731 15
78647 8
70021 1
88312 1
28152 6
31234 13
27558 4
97177 14
81499 12
13055 8
52510 7
56898 12
52942 7
86201 8
26745 12
29498 8
62634 14
35653 15
39099 10
2851 2
16749 15
82173 14
79046 1
55428 2
87154 2
53076 5
7771 7
7460 3
95270 8
42767 1
23 11
99468 14
49997 15
35103 10
49307 4
27466 1
1249 6
6277 3
71234 11
50697 1
94827 12
45642 15
27732 13
86991 2
62685 6
82143 13
52597 14
47064 6
98743 9
22193 5
31605 7
46548 8
87556 14
24146 13
49049 6
26732 8
76904 8
81342 12
64578 5
8581 2
29044 3
18944 12
47452 1
51068 1
13904 12
83836 14
86577 10
21899 10
43095 2
88940 4
379 9
17530 13
12566 10
83603 4
77049 9
57395 4
18298 15
87653 3
31615 3
33176 6
50862 5
32158 1
31490 15
8017 4
25628 9
23183 15
36109 6
39099 6
98217 10
29847 13
82105 9
76497 3
96959 1
90561 8
58170 2
90674 2
58742 12
44749 7
17466 15
19796 4
89634 7
51465 15
60703 10
33471 9
11603 5
98714 10
34081 11
64560 13
24102 7
1727 13
53557 5
81666 11
19667 11
83952 6
76665 15
52637 8
38238 9
39689 3
48643 4
34825 6
39128 3
10140 10
85538 14
90026 5
63364 12
48975 7
35347 12
76635 13
11356 8
56660 8
89918 3
11898 9
82262 12
41770 5
39269 5
96270 9
12492 8
66669 8
67664 10
399 3
76494 7
13075 6
66654 14
21513 15
59130 5
21763 15
65329 9
30963 13
71311 12
57997 15
45302 9
6831 7
58629 11
49035 12
67238 13
85984 15
18076 10
16041 13
3660 11
3099 4
89704 12
23250 9
78943 12
75176 12
88621 15
33322 4
8203 14
55549 15
43324 1
80086 1
53666 15
20320 2
94368 4
52028 12
88474 4
65007 2
86473 3
96018 10
19481 2
60652 6
53701 6
95302 6
98864 4
9537 9
63508 10
83330 11
55841 4
98091 8
19047 13
79220 10
36927 3
12879 7
48452 13
23764 8
35993 12
99188 12
41533 6
44955 7
89859 7
9166 13
50635 8
11315 7
57626 7
93222 3
55870 7
925 12
55851 14
64177 11
25189 10
87983 6
33713 14
20580 7
3613 14
34721 15
8245 14
21404 14
68486 2
60599 13
77337 1
78374 15
87962 6
76235 1
15890 2
16858 2
30435 13
68999 3
27775 11
51059 3
23381 8
67158 2
20560 4
2962 10
7326 14
85223 12
36309 14
55241 9
19172 2
16226 9
13848 11
39024 13
94641 13
66488 4
38679 14
90056 1
1697 1
11716 3
58925 7
17071 8
39485 6
93419 1
58853 1
78710 3
23688 4
57088 14
48734 5
75022 8
75458 3
32610 10
67668 6
52640 2
75785 14
35969 2
10999 2
46235 10
4176 1
72312 11
76382 13
96364 7
8315 10
15740 11
81490 6
51729 5
25084 2
32476 10
36725 13
26716 10
1345 6
94504 9
17235 14
58524 8
45339 1
16599 6
63947 2
15490 10
65456 6
47873 9
24395 1
95337 5
96884 10
21986 11
15335 14
71221 7
78976 4
81249 2
33937 13
39247 13
50132 3
29348 4
98458 10
34177 2
91575 5
33131 1
62605 4
4940 8
64953 6
65048 14
25098 14
88058 10
42922 12
39925 4
13240 2
77729 15
34393 2
72219 12
10847 13
52993 8
30948 2
36453 11
57687 13
43300 8
93731 1
3872 14
50491 7
31992 5
71710 14
78873 12
55445 2
72973 15
79913 10
58472 12
2978 12
36926 6
99596 5
66611 10
66157 2
10943 5
18128 8
4667 11
13376 11
57247 10
1024 4
15739 12
89539 7
13891 8
85954 4
8493 4
64203 9
74490 4
2623 9
32508 3
7555 2
7570 10
28857 10
38230 7
58919 12
86162 2
50622 1
75293 15
75801 9
91914 8
88981 2
66122 15
93094 3
63418 14
67158 5
65330 14
53252 11
44929 5
57119 14
69879 9
73468 15
63363 1
2498 1
99316 1
74110 8
21120 12
64504 12
79316 10
43286 11
37549 1
53600 5
73891 9
36736 14
49152 9
87249 2
62857 15
3713 14
42518 6
64425 14
14744 1
71565 3
30331 4
12548 3
5583 15
8013 7
35577 8
65399 5
82038 7
23317 14
96189 1
2928 11
16559 1
36939 14
757 12
29320 13
58050 3
47269 11
59586 15
37846 15
55511 2
35522 15
54723 12
84294 8
99976 15
22409 8
31364 13
83836 2
61357 1
60046 5
2930 10
18215 8
40178 6
86632 2
44771 15
97308 8
18025 1
70755 1
27123 10
18123 13
22285 14
7067 9
27460 6
27771 10
80410 10
89422 9
67171 14
41629 12
40283 3
47808 13
16251 2
82382 13
73288 7
10664 1
32281 9
4850 14
67160 1
73983 15
21834 4
96106 15
62439 9
84235 10
8370 12
22625 1
284 11
64734 5
60842 13
10369 8
35265 10
7084 9
27072 7
79875 10
86018 6
69464 5
27075 14
74481 2
39448 4
23943 8
37673 3
78355 9
28945 4
85607 11
29765 11
92599 14
24432 11
58367 11
52083 10
91155 14
57378 4
94680 15
92548 13
64445 14
70972 7
41317 7
48138 10
70501 7
67505 15
12962 10
26883 8
27052 14
73378 10
34672 14
49530 7
28266 2
25083 3
28662 8
61251 15
42452 14
41424 2
44494 5
1124 2
52079 2
66398 10
37747 6
97616 11
2867 12
63375 10
14826 1
62089 3
65170 6
65449 11
66387 15
73595 11
35796 6
17722 8
42689 5
67406 6
15042 6
25649 9
54333 3
51879 13
94294 15
62637 9
22457 2
34995 15
83419 8
86648 10
97598 8
77452 10
91637 5
55486 12
89879 8
95480 14
31304 7
60383 10
65599 8
35094 2
158 4
13139 12
28725 6
33139 12
33630 6
87222 2
67000 11
41600 12
23875 8
89998 5
28292 15
15503 1
19219 7
75079 11
42976 2
8449 11
39317 15
5777 4
84718 6
12477 2
35535 10
68370 11
55699 11
69355 14
7225 10
90664 2
21462 15
45325 1
9223 15
28349 10
66074 9
24871 1
10455 5
14104 15
97700 8
40682 8
91522 15
19571 14
98384 6
57325 12
77428 1
1210 12
40224 2
86804 11
46213 15
39532 11
29629 3
14930 11
97284 11
52138 2
79472 3
74126 9
23395 2
49522 7
91793 15
12214 3
43658 3
47392 6
18374 15
15442 10
32980 9
99960 3
41694 1
96397 5
61765 3
15841 4
96915 3
89920 7
13499 11
89133 14
85516 1
42657 7
73366 10
20850 15
59853 9
27114 10
82026 14
73812 5
33287 11
47807 5
99219 1
55327 14
26087 3
97421 9
51971 5
18382 4
65999 13
88339 10
75935 10
37462 13
43854 5
2537 3
62842 3
68352 6
24998 15
17984 5
72438 2
42526 14
28780 13
14216 12
34614 3
92518 8
86799 9
27085 1
7504 11
87273 4
15589 10
24043 10
47646 6
48986 7
32586 12
79034 11
82011 13
59930 14
35840 3
46381 7
96099 14
70760 15
24263 3
65505 4
10781 11
20112 13
46298 2
55336 3
80662 6
41611 10
7769 4
42561 13
91104 3
57036 6
74413 12
31717 3
86957 1
66807 11
67121 13
75945 11
16453 13
89753 10
58923 9
61272 11
27115 6
90904 9
10918 2
17776 13
23553 8
30829 9
66629 3
63097 8
50103 14
73870 12
95517 11
80880 5
62571 7
80682 8
31087 2
55441 7
87010 14
89409 14
82613 6
47660 10
33586 7
87425 5
39371 3
29317 10
82100 13
7370 11
8168 15
63175 3
6530 2
85525 10
71374 8
19927 15
28565 14
78349 15
39732 13
1483 9
49146 10
41815 11
28607 10
59963 8
54950 13
45203 8
51109 8
96637 9
86743 13
90416 15
32006 7
90389 8
80122 2
76068 2
8797 10
29579 1
50730 14
14442 4
32768 2
38742 15
61569 13
76599 15
44445 3
19327 4
2439 4
23397 14
16279 15
31333 9
65183 14
21430 12
59654 12
59042 1
68695 4
92127 8
60830 2
65366 5
68575 12
32073 10
51982 15
72045 15
69190 11
3732 3
17111 14
2296 1
65410 8
27014 5
34545 15
28408 3
67973 1
43056 15
52953 2
50312 8
56827 13
35564 9
32579 4
76583 5
46859 6
66919 8
41698 9
8242 1
24379 10
57144 1
42356 15
22371 1
79915 14
89557 1
52288 8
6390 14
44248 15
73288 3
19127 13
52182 6
93783 7
97011 1
89319 3
44763 7
1173 7
72113 11
98125 7
42103 11
62221 13
12657 8
61646 4
89892 7
33705 8
54788 13
82272 15
48574 3
85189 5
70102 10
88224 1
80143 15
45996 3
20431 3
14473 11
72908 14
55887 2
66864 6
36326 11
96371 1
83308 6
4285 12
45988 1
3113 7
19205 3
72073 7
96177 7
80328 1
14894 14
73760 3
485 13
26756 4
56754 11
62276 14
98458 6
24142 4
81117 10
12039 15
35523 11
7663 7
42239 13
34864 14
37873 6
94463 14
90330 14
73800 1
63800 1
96483 11
59793 2
25116 6
78027 6
98241 4
53998 10
21478 6
18605 9
62420 1
69146 2
52591 3
69138 13
51775 11
25897 10
15264 5
97567 3
55720 3
47417 3
1944 11
61852 12
78657 2
84164 3
20736 12
55309 11
54477 5
33233 2
42003 6
42575 11
49615 8
9658 7
91933 11
79136 5
25280 1
66348 5
66653 5
16808 11
84892 2
83544 3
95502 5
60910 14
8415 5
14029 10
55449 15
92862 13
68111 3
66344 3
816 5
20811 7
35605 10
65637 5
98549 8
63129 10
37501 4
95407 9
81096 6
59354 11
85062 11
13316 12
16940 14
87274 10
56934 2
26151 3
83250 12
23702 3
532 11
73985 3
74406 7
44067 13
35636 13
80326 14
79189 6
15139 10
82196 8
93765 1
45326 11
60093 12
85417 13
40954 13
23692 12
16560 14
11421 8
8505 11
55258 8
99235 5
74700 8
12197 12
53162 1
93160 7
28800 10
181 14
74165 1
99236 13
59367 15
6835 8
85361 13
37095 10
42749 15
44305 3
25847 11
2819 10
52214 2
90924 1
39669 9
10889 2
61591 8
19983 10
86764 5
81952 2
61426 2
89355 7
18258 1
36084 2
97005 14
54836 1
65474 5
76637 3
74343 6
72720 14
85534 5
33476 3
43106 10
25331 7
83005 9
94207 13
33480 8
39705 14
34090 2
61782 13
62691 13
16742 11
67847 9
88611 2
47620 4
67265 12
29547 9
17590 3
69615 13
37952 9
21109 4
82733 13
41787 5
3830 9
96429 7
7507 4
66158 3
68314 2
98551 6
41646 5
5397 13
93280 8
84829 1
55632 12
703 1
22127 5
57926 7
24890 7
54267 8
62228 5
59869 6
77067 2
48953 14
2110 15
79923 6
63672 15
50629 2
63951 13
68588 15
63521 2
90638 1
54116 8
64148 12
20149 11
5990 15
11510 9
77058 15
51346 4
79683 14
29910 7
57980 8
34301 12
61919 11
17354 2
41767 14
22168 10
11109 4
2864 6
41839 2
56129 6
37011 8
26072 15
66406 4
13245 12
64414 5
27171 4
14117 14
90848 9
5385 4
24533 5
29789 15
33316 9
29723 7
28544 3
61 2
69677 6
6891 12
70456 2
55763 15
29238 3
3718 9
33839 4
46554 11
44196 10
93372 12
18655 12
48039 4
75821 9
75180 2
19577 6
69170 5
11118 6
68761 10
10517 4
61729 15
51959 12
60913 11
94515 8
19016 15
10404 1
82401 7
60466 14
11105 1
76423 8
29899 7
2821 10
70992 3
50859 13
63553 14
90292 14
6061 9
64433 2
71406 10
44148 5
61159 12
71775 3
60818 10
16044 2
84345 1
72191 13
99102 12
60067 13
1261 10
63944 12
92449 7
33102 8
34469 11
4502 14
84307 2
44473 6
27524 6
257 2
25803 7
92765 11
37183 15
70860 10
77382 13
32123 14
5477 12
2642 9
19281 13
92601 10
16442 5
6726 9
71488 12
18092 2
22921 7
60489 4
74483 2
10739 8
7497 8
30780 4
77640 5
33607 10
43256 2
86347 13
36900 4
29635 11
15416 14
60497 5
96907 6
80438 6
72647 1
39666 1
33530 14
87741 6
45494 11
19021 5
51917 6
48145 15
77691 8
92805 13
62484 11
41864 15
19299 10
37833 5
57818 7
64782 9
17833 5
73356 13
99140 12
95674 6
6863 13
35743 5
30360 8
90526 5
54735 1
48015 10
27900 15
70807 5
50968 4
26105 10
59819 3
74866 7
58434 4
67902 5
70781 8
32478 4
80382 13
15005 6
82086 2
28593 5
36653 3
2301 6
12852 13
52046 15
66158 13
93019 9
71534 6
92510 4
98268 5
33443 9
45810 7
66021 2
54188 7
7260 9
40140 4
88497 8
76266 15
5173 10
48767 12
45105 4
80862 13
74520 1
44340 3
52278 12
81665 10
29027 9
34714 8
32489 9
64438 4
53572 1
38107 3
66598 10
31890 7
99906 14
31964 8
7909 10
53301 1
88732 14
11184 7
23322 7
14634 12
15465 2
95948 9
85001 15
63638 12
30310 13
19807 8
18349 1
90290 8
56344 4
20022 11
62541 14
66827 9
41235 6
35637 7
90710 5
54108 6
29738 15
38805 8
73579 14
19854 4
70616 2
98447 14
71812 1
60772 5
28833 1
94082 11
96232 11
31592 14
49752 2
21527 5
23300 8
49546 1
67088 10
89230 15
59657 3
91243 5
41987 10
1054 6
90744 11
51361 8
38818 6
72190 5
35810 15
67855 8
11035 5
50242 6
12416 4
30181 4
76906 14
24877 2
94924 15
99706 9
17204 15
27165 2
55566 4
81987 3
41005 15
89119 13
68711 8
46409 1
78031 10
17978 11
19623 11
98236 6
53358 12
69917 15
73460 10
3648 11
27740 15
78474 14
25655 5
13304 15
63708 14
14772 10
99130 4
85025 13
70794 1
18456 10
58799 12
5089 6
78653 6
50372 14
17265 1
39423 10
14953 10
53132 12
23556 4
12098 6
22750 6
16074 8
52995 4
28008 7
94244 3
67140 11
70794 3
11236 6
99863 5
77458 13
73251 5
63435 4
57396 3
77895 7
12330 9
75909 15
28584 11
45816 9
41643 1
94932 8
79411 11
16204 12
29935 2
704 5
83037 11
24352 12
6908 12
9454 2
10429 15
3788 8
46080 15
8959 6
38902 9
10776 15
99409 3
6733 3
49072 1
37971 4
82470 2
66429 15
95151 5
51663 3
11088 14
84556 1
52397 15
4452 15
67384 15
10801 9
41402 15
79006 13
15932 5
42537 3
83649 5
17179 10
89143 9
36875 6
55661 8
41624 13
25209 6
43369 15
82087 8
37133 1
54125 8
27225 2
61099 11
88454 11
21637 9
49716 12
4920 1
37438 1
66962 14
64317 3
52840 8
68964 12
79210 2
63294 14
8563 1
82827 5
3649 2
1924 1
81898 11
20363 9
27751 4
16348 3
18603 13
7375 7
63257 10
44601 11
34973 15
29387 10
19112 2
76466 2
50989 13
34358 4
13245 13
78651 5
17722 9
52925 14
33554 2
87022 12
68512 2
82017 3
87507 7
28108 15
63653 14
17538 5
21509 4
76780 12
23422 6
99313 10
12626 6
29649 1
55625 4
8901 3
69973 9
9684 4
74954 2
50578 1
22743 10
96737 11
41211 13
98116 7
90876 4
48696 2
99359 2
41185 3
49908 15
91389 12
31051 10
34701 15
66229 4
95644 10
16374 3
84877 7
15530 12
76591 4
96088 12
7962 7
49529 6
54913 12
70119 13
99798 6
80357 13
12757 4
93776 11
83806 10
86198 10
38589 9
93379 15
62617 11
25732 14
68546 2
4600 9
6858 15
84489 6
11878 2
36379 8
47915 15
51832 4
72494 15
18332 10
70509 3
14502 6
75101 12
15444 11
68463 15
99095 14
83894 8
7694 1
33325 13
90063 4
99091 5
73584 13
63927 1
71151 9
6268 1
4442 13
69452 12
45377 15
88030 5
36506 12
13555 9
91069 7
66936 3
69936 7
48812 8
77772 9
4796 3
93229 12
65789 14
25039 3
60682 14
52600 1
56258 3
38705 11
66579 11
89229 10
38092 14
16201 2
46106 8
20221 13
41382 7
3627 13
15245 15
75908 7
10103 10
63721 1
92277 10
58033 6
75819 7
62977 2
76460 1
4458 1
45556 2
39534 5
26814 6
42506 11
98205 15
49809 12
2623 2
9254 13
76211 2
1673 13
73011 12
56461 4
66175 7
7471 15
13439 1
2915 10
80596 3
96072 7
2974 5
1264 6
38417 3
95872 5
19514 12
97555 4
12830 10
66973 15
24202 6
4725 15
22552 11
48554 8
84080 11
12039 2
67929 3
96659 7
63663 10
26495 4
72764 1
85995 9
68546 14
49956 1
96930 7
55503 8
40122 4
86605 2
45279 12
74184 10
99397 6
61451 2
93844 1
27513 9
53623 11
73345 2
10676 8
70009 12
72484 2
47638 8
2713 7
49609 13
47760 15
39530 7
81162 9
656 9
38778 13
71541 8
57324 2
45460 15
681 14
62307 14
49468 2
4283 5
10548 3
20619 8
86016 9
31578 2
48510 1
41834 7
53139 2
25979 14
37159 3
53636 6
28444 10
75511 6
64273 6
91314 15
72095 11
1407 10
59711 9
11004 6
29137 10
40315 8
79181 3
85599 9
41923 8
55979 1
31613 15
58590 14
38039 5
1516 2
50090 1
19010 15
99955 1
4488 15
51641 15
46958 10
27274 15
71871 1
52032 15
46714 9
96445 15
62708 13
55843 13
77936 11
83224 10
44049 2
39043 12
84002 5
48439 6
32901 7
53857 6
99031 4
76791 9
70072 11
35848 4
70842 14
68513 5
6914 12
66360 11
46238 1
64421 13
90893 3
43144 12
65453 12
71157 13
50643 6
87853 7
18925 14
12837 7
97164 12
12916 13
82199 1
16447 2
68676 6
15360 14
8717 11
79803 14
9946 2
8827 7
96128 10
70976 14
21351 4
43642 12
64061 5
60212 14
67294 2
46021 13
15110 1
83947 13
84160 13
43830 10
65866 7
70626 7
47427 6
21173 10
34262 3
53253 3
62363 15
18451 4
15901 2
27663 14
20425 12
85054 3
34066 7
89671 3
14080 14
46106 8
11976 15
64098 14
37663 9
30747 3
98053 5
52085 3
59613 10
27718 10
29119 13
48755 1
89852 8
42955 12
72037 9
17978 5
58556 12
92075 8
4278 13
325 15
18945 3
82188 15
96516 12
72342 12
36629 13
41509 8
25709 2
22863 5
76189 3
1188 10
2771 11
65475 14
77948 6
44300 12
79054 11
76845 8
9731 15
32040 8
16722 4
33231 11
14285 13
23310 5
46506 10
67535 8
5725 2
23016 12
58739 8
73599 5
24473 2
49771 5
50461 11
73427 13
53107 9
36406 6
41524 12
17449 2
34392 10
33000 11
54813 10
80559 2
25331 6
16820 8
12355 10
99744 1
45527 10
35156 4
30587 6
10084 14
48530 1
91421 6
15149 7
18056 4
3316 1
26628 12
16089 4
9780 9
87943 5
25779 11
40213 3
72705 7
14063 6
57221 7
82208 10
8217 6
68175 3
52472 15
14114 7
8222 14
58457 11
28243 15
22559 6
51734 11
32161 11
38845 4
32033 3
76651 11
40195 10
35755 10
33708 11
1804 13
88346 13
95956 3
31203 14
40825 6
74689 12
63694 8
18603 15
79090 1
80315 13
53531 12
79032 5
62547 3
74538 12
44510 1
3846 10
89618 8
51636 4
73113 3
53019 15
62067 2
90638 2
33746 14
75204 14
23313 10
37707 3
18784 2
66440 10
27030 4
44495 13
80731 10
88067 13
84410 15
17442 3
17018 9
80772 2
35191 4
49505 12
739 13
25216 2
95161 11
79969 14
10593 11
14148 12
98356 7
86097 14
57259 3
35108 5
60393 9
35108 7
52904 7
61974 13
2198 14
91993 6
58728 11
79343 2
66940 14
18921 7
81762 7
62115 9
5174 3
80669 13
21115 15
76944 11
99146 14
19301 15
44033 15
23964 1
64707 13
13125 4
51321 6
38022 14
30995 6
33734 7
65878 5
17546 7
92610 10
54620 11
12752 6
98027 2
26494 8
80061 13
61232 5
75867 10
9400 14
26377 3
61063 15
98126 7
33568 12
25824 1
56281 7
72885 15
99534 6
15087 10
1543 15
46776 9
37280 9
28474 5
36147 10
44677 14
38278 11
82506 3
84213 1
32806 13
84249 9
65728 10
126 1
12431 10
49787 2
20271 6
30792 7
62409 4
86180 4
45375 10
52000 2
26374 5
95234 10
55327 7
273 2
55082 8
52074 7
9804 11
28134 5
44895 6
24576 3
89688 3
58339 13
1426 10
40910 15
35509 15
89055 5
62375 12
47691 2
49166 2
44087 15
79691 8
84193 6
79342 4
86898 1
54759 9
58716 13
58655 6
65568 13
59766 8
70014 13
66481 13
40121 5
34377 10
71302 15
25166 8
23908 6
77777 12
45651 3
88724 1
51688 9
57392 11
6103 13
33104 5
53593 10
97636 4
79166 6
3755 3
10453 8
2864 5
85855 2
43619 6
40531 6
91018 10
41895 14
11619 9
94039 7
38058 11
34996 7
52626 14
7790 15
95174 4
14518 5
1725 7
74483 2
53250 8
47262 14
59111 14
17500 4
24258 10
31542 12
16894 4
24905 8
52280 8
57684 4
98849 6
69819 4
29967 4
70730 7
22212 3
51304 14
74849 11
97007 2
76869 8
77924 14
89762 10
10987 11
47019 2
58699 12
51373 12
19498 3
53585 4
71520 3
99964 10
26712 1
31647 12
58757 7
73999 8
61722 7
2214 11
29952 1
78804 1
58294 5
49992 11
50654 14
9640 7
39809 8
13279 7
37260 9
43497 11
70651 9
78366 9
99587 14
80685 7
22142 10
22245 1
91778 12
21928 10
15494 3
72811 8
19093 2
66871 7
42560 6
87590 15
73852 10
38500 13
24228 3
28347 7
67654 3
20799 4
97463 9
50636 5
72932 1
94525 2
80823 6
12954 14
55563 3
79713 1
634 1
13734 2
91995 15
89064 4
11223 10
8642 3
25662 12
36099 12
79823 11
32215 14
33107 6
14117 3
31106 15
58490 15
92911 5
70725 6
41072 12
37693 1
96584 9
72070 14
44023 8
4144 2
45883 15
1698 5
49903 13
4097 12
40980 11
54892 3
33068 1
65668 1
97079 10
77682 9
17494 6
53798 7
61716 3
15923 11
24422 8
26736 8
88391 3
18859 4
42091 1
72211 5
60665 12
10844 14
38607 5
71116 2
31913 5
20876 4
22380 1
33021 7
96689 6
23533 13
67947 2
46355 8
24688 12
87657 7
34876 4
9375 14
50515 8
16745 9
25755 5
30665 4
82348 4
24562 9
26906 11
67452 4
85707 14
32042 4
64399 6
56866 1
82793 15
97621 13
58182 6
47719 3
19050 14
86267 9
53766 2
59175 8
30603 6
845 9
35673 7
90518 9
71925 1
77677 13
92650 4
31528 7
20997 12
88431 3
98415 5
39014 8
60682 3
79416 7
49935 11
7287 3
9687 13
8536 6
47989 1
66851 10
83844 14
96614 14
91210 5
51051 9
50348 9
81660 1
71219 10
21566 6
36505 7
68112 4
78475 1
12210 3
3767 15
72275 12
24235 1
61349 9
13869 3
51114 11
39496 7
66996 1
24383 14
65354 6
92073 9
61938 4
50331 12
83707 3
47239 14
59654 15
15534 6
40548 14
85930 7
1609 9
43292 2
31219 2
97014 13
75426 5
8925 4
60021 7
64310 5
19200 8
30819 2
56542 13
56270 13
53975 7
13038 12
2119 10
71763 13
58726 2
54996 10
51958 1
98718 6
84070 14
99137 6
61379 2
33373 15
64153 5
56066 6
63071 3
95189 5
96689 13
14703 12
45737 14
17399 11
20941 4
94515 4
90588 10
63027 3
4084 10
60989 11
48038 14
71939 9
32099 14
4200 7
62742 12
33344 7
77705 3
39814 7
41358 9
93992 12
94205 13
49185 2
90687 5
40826 2
50723 2
46495 13
39003 10
67105 2
84899 6
2605 4
89798 15
43846 5
20748 9
47604 2
19527 1
74615 5
73987 4
28537 4
74884 8
29227 2
3891 13
23601 12
81901 11
14687 12
15179 12
50474 7
57729 5
5108 2
66214 9
82965 15
87900 2
98614 12
86772 11
28672 14
81349 4
88120 1
93321 1
725 8
31304 5
40853 14
16723 4
4129 13
57348 10
15989 15
81890 14
25397 4
95642 5
56639 3
49055 1
21034 12
55267 3
498 5
86585 11
11627 11
10556 11
62220 6
25888 4
72576 2
88789 3
98061 4
23523 14
29049 9
3881 2
99017 7
23200 3
38762 14
38291 5
92174 8
59482 10
17030 14
22209 11
68720 12
88670 3
70788 4
29471 7
49530 10
10907 14
68948 1
80323 14
50844 13
42176 9
37041 5
36411 2
80313 4
53341 15
99422 14
34906 14
41187 14
46669 13
16093 1
84278 1
45755 3
22274 2
20798 4
12560 12
65126 10
23702 13
40279 10
9793 2
65866 14
22303 6
87417 13
20704 6
40958 8
74995 10
62567 1
83115 10
7333 15
38243 4
72236 15
71895 11
39418 2
52565 13
56518 8
2840 13
72535 1
95205 5
94345 10
94923 12
42477 10
65830 1
23778 15
43597 12
81684 12
9128 2
94862 5
50329 4
86387 7
82122 15
851 7
65695 10
94758 6
81490 15
11939 6
84388 13
83338 5
96198 9
84655 9
42972 2
77131 10
93059 2
18593 13
84175 7
37185 13
62166 1
88650 12
72078 2
31290 4
85343 15
62359 15
40841 15
38416 10
9042 5
83812 12
41657 11
79737 6
87996 3
50810 1
11822 14
55051 13
47362 11
43337 6
95026 10
44415 2
61389 3
29070 11
21881 5
71795 13
61651 11
93809 15
87362 5
3861 2
51100 12
16074 13
17014 3
14831 4
82755 3
80162 8
78556 5
31917 1
28546 15
85109 14
26078 5
92544 13
33295 1
52963 4
12157 9
55294 12
74337 10
22034 12
51698 9
86660 10
89139 9
1627 11
22185 3
23884 10
2873 11
99751 7
78166 12
36826 15
82925 7
60892 11
74354 14
92893 9
93635 11
43107 3
57961 12
43081 3
43562 13
51964 6
57243 13
8260 13
47871 10
91593 3
9852 7
82012 9
97725 14
14490 10
68044 6
69308 5
87134 1
20903 11
55729 11
45997 14
10443 15
93099 5
14734 11
44412 6
41922 12
26421 3
95801 11
86320 1
38014 14
19742 12
14038 13
42338 11
2205 3
75544 6
29732 4
96011 15
26689 11
61891 3
48215 13
74105 8
59841 11
68288 4
1482 14
80176 2
66548 15
72597 11
83972 3
61113 3
51827 2
39419 2
20226 3
7727 14
87296 9
95426 14
6445 9
81431 5
19971 14
24399 8
87607 9
23173 15
27803 6
72256 8
18485 9
94817 10
17292 9
232 8
35522 6
46683 2
49013 10
64210 2
51322 13
69337 15
54551 10
71124 1
30797 4
98312 1
74415 5
52837 6
22093 9
33626 8
29473 6
96808 10
46516 8
864 4
88092 15
4529 8
72454 13
4254 6
99433 3
72629 13
28309 1
2874 3
63107 2
34919 8
13097 14
23938 13
55 6
55571 8
81299 15
3865 3
64520 15
2941 12
60467 3
78145 14
63826 10
17971 10
99577 6
16301 11
33451 5
97930 1
27104 10
28863 3
978 13
61056 3
94496 6
32127 3
23171 6
67448 11
51556 4
74085 12
79090 11
87232 9
88554 11
4972 3
29912 7
6553 4
57966 15
75463 14
93169 12
35895 8
88433 13
35363 13
96866 12
42973 8
94361 11
91062 1
88117 13
33731 8
79878 8
1555 2
63585 15
26338 8
23758 9
37763 5
57127 11
56477 2
49240 4
64240 5
3734 5
41172 1
42290 1
53356 1
86962 13
68470 7
53729 8
37375 15
70341 12
49980 8
12398 1
69551 2
19400 4
11874 13
56813 15
20717 15
19375 2
64685 5
1583 13
94986 11
88599 5
79058 13
33210 12
49479 3
18620 13
19628 3
74751 4
56642 3
48066 2
32214 12
5646 4
33517 13
21483 9
8710 8
39924 8
27531 15
36442 4
24733 9
41164 12
79025 2
30690 3
60197 1
38866 15
67754 11
44754 13
83925 14
13886 13
11734 9
45419 2
99818 14
43483 3
80858 11
88164 8
84419 5
18236 6
74083 2
71406 5
60599 3
80524 13
4338 9
65022 9
33901 5
15558 8
43070 11
6539 6
14339 3
93339 12
18359 1
22609 13
81323 5
32080 6
59821 4
33659 15
41989 5
81049 2
26953 6
73821 5
46590 3
49313 14
53843 7
10681 7
66214 4
80110 6
86794 1
70955 6
2447 1
86025 5
39135 14
32426 4
40143 1
21480 7
96002 11
41820 8
7883 8
72703 8
21264 14
6961 13
36137 2
17118 10
2645 15
68871 4
21577 7
29806 10
87465 12
49786 7
13114 12
83942 4
79628 5
45717 14
75791 3
17886 11
52384 5
22483 10
93901 11
46025 12
63227 11
81866 10
25946 11
53586 4
55087 6
21187 3
93802 8
9576 13
69572 9
77846 14
39949 6
2408 1
2942 8
82288 11
13056 14
80393 7
98893 5
26110 10
77951 10
99163 6
25665 6
5101 1
79731 4
8587 13
43162 2
19652 15
53811 7
96965 6
61175 13
1111 12
20249 12
82857 7
77932 3
56050 7
57226 14
10380 5
19715 12
16211 2
69597 8
434 12
61248 8
43244 1
22910 12
62454 14
50161 12
78006 11
1535 4
28952 14
14404 11
32142 1
82861 5
38269 7
84093 14
27836 12
23663 5
22596 11
66105 8
96260 9
63022 5
97826 10
13927 3
10231 2
42385 14
91562 8
65535 5
44170 9
7828 8
15403 13
88424 14
74433 6
64145 7
42746 15
81817 13
77687 12
33018 7
89908 11
71638 12
60224 8
33321 14
47106 12
21574 2
4149 2
34740 9
58608 12
35120 11
52560 10
86048 8
86074 15
39484 5
14998 3
97964 11
77615 6
38305 6
39610 4
20541 4
95749 3
55510 2
84558 6
72169 12
86994 10
65462 11
75857 1
69276 14
53702 6
96807 7
87117 4
77887 13
3731 2
95374 13
79567 13
6290 5
24733 14
40158 2
83849 8
22309 6
13527 14
878 13
34737 7
42699 7
29826 12
42668 3
38787 13
77299 7
41894 1
90262 5
39683 10
10630 12
74590 4
58198 8
15604 14
24454 6
46239 5
23256 13
69466 2
28449 4
95367 6
77070 11
60544 11
41966 7
30404 7
13840 14
53708 7
4483 4
49205 2
43481 4
81052 2
66737 8
65764 6
72605 14
68618 2
98710 7
89019 3
76424 3
97397 12
99075 11
66282 3
93056 5
28118 3
77647 12
75073 6
45004 12
55855 2
76745 13
80854 2
23401 1
45973 1
15447 6
22769 3
11876 5
33361 8
8837 3
73254 1
48411 1
88232 7
77487 14
2912 7
27215 14
74991 6
47799 4
29438 2
82885 7
79014 11
6151 6
15728 9
78790 12
85136 15
49833 14
51133 7
37154 5
44254 9
52153 4
65030 5
3522 13
51504 1
96700 14
63893 4
90959 9
564 14
25051 10
4280 15
45241 3
27120 8
26337 6
8621 13
18935 7
97108 11
85128 12
96685 8
28164 5
51420 12
45917 15
96220 1
86171 15
49530 9
79815 8
6257 3
59416 11
86774 13
94447 15
26713 13
61707 8
58047 15
92836 15
81578 8
49135 9
96242 2
9797 14
10193 12
17302 13
10382 14
2607 2
67548 8
93168 13
53996 2
81418 14
52758 12
97588 1
21833 6
36660 13
27352 7
44507 1
28167 12
60370 12
44345 12
49347 13
19982 12
58570 11
43409 8
81129 12
69747 2
1929 5
912 2
9422 13
51122 11
41787 11
15486 3
79419 1
23941 13
30852 14
38919 11
69716 5
36597 12
76544 6
34779 13
81976 9
63264 14
30169 15
94814 1
40908 1
26366 15
78614 15
20764 2
89682 10
97172 11
3310 9
88922 3
58030 14
44787 2
24064 12
54469 4
61287 13
50749 8
35800 10
68017 6
67018 15
12895 8
65433 4
5463 15
41908 9
14443 10
34698 9
36427 9
26760 10
52777 14
18004 4
96658 4
35810 3
39327 12
69112 8
50526 13
58260 11
67378 7
63030 14
33776 5
24962 12
46716 1
79346 15
9449 10
30632 7
78697 1
34575 5
26848 8
6900 13
43480 13
65139 8
98667 3
76378 13
72136 6
48648 10
15393 10
15335 3
89021 12
53688 10
86421 6
68860 10
13515 1
22952 13
13610 10
98343 10
56051 6
11973 15
4055 12
14109 12
1474 12
67654 13
3604 13
25229 7
90722 9
33124 3
25387 15
39394 3
55521 3
23972 14
89590 10
46273 5
72604 1
6767 8
31888 14
82699 6
23059 7
52344 3
11220 14
85275 1
1494 7
86833 5
76877 2
75817 9
15140 9
51698 6
32898 3
62628 9
97317 3
92699 4
43265 11
1863 13
65661 10
79071 12
26905 15
71111 5
39840 14
37806 7
70118 15
86455 10
65817 12
27182 10
84756 15
60534 5
14709 10
71439 10
6302 7
31095 11
43445 15
3672 6
97376 2
84305 4
21150 6
83081 13
54410 2
5059 2
88404 15
83633 2
2378 12
69687 10
65248 1
522 1
80484 11
15616 5
9344 3
97194 15
51074 8
3136 8
10221 8
35237 7
79884 1
72696 4
39987 11
97879 7
25059 14
85211 9
74418 11
55788 1
64198 9
91367 7
48519 14
64244 10
66736 8
26882 9
79379 2
2644 6
86407 8
29242 11
75576 7
37562 1
28770 5
88131 11
84356 3
43142 15
13153 4
42756 5
65794 8
3416 8
85313 12
28532 4
12739 10
88114 5
81799 4
62547 15
8187 10
81637 14
7983 3
29144 8
32961 2
44148 7
96143 7
51385 13
67431 12
75151 2
31324 12
25458 14
10037 9
44265 2
71237 5
8655 10
82818 3
31201 1
29011 7
75660 9
69734 14
49626 12
80928 7
37794 11
83447 9
2996 1
69878 13
52928 13
60631 8
44596 9
93092 9
28421 11
69328 8
3356 7
13355 15
58154 12
93602 1
45509 6
93283 7
85880 5
60465 5
87345 2
60034 4
48976 15
97191 1
66955 8
92421 2
79236 5
98159 4
35309 14
14422 14
35799 13
93344 1
24082 14
25033 8
3274 15
28192 1
32580 9
60199 8
86567 13
80646 6
30117 10
6066 7
86464 12
97011 12
54066 5
88613 2
42605 13
16409 15
48996 11
96537 13
90323 4
53468 11
66960 4
26088 2
73986 8
72282 4
33924 14
12553 3
93915 14
95814 9
50583 9
56389 5
67600 10
3881 10
60273 6
83094 14
42830 14
73919 14
9687 10
40453 15
6181 12
83136 12
84605 8
16365 7
37009 4
15809 10
28625 5
38157 6
89202 2
59910 14
78904 14
12781 11
45380 1
66477 11
81512 13
93978 13
51277 13
85679 14
26904 4
52974 2
16472 10
59865 7
24985 2
85078 12
94700 3
25739 12
518 8
19894 14
33584 3
90507 6
75370 7
15470 10
15228 10
33420 4
41189 11
48709 5
41214 3
23266 9
31369 7
24643 13
18205 9
69819 10
28908 4
44745 6
66591 12
11124 9
91103 11
94114 6
29660 5
25558 14
31140 14
53791 2
84070 9
37418 15
85625 9
18977 2
6733 1
88810 4
73262 4
67955 11
67934 11
22027 11
38819 1
69221 14
23160 15
68794 10
87742 3
37850 1
88980 5
24771 12
94803 2
84028 9
97855 7
30934 11
56316 12
34212 5
82191 14
23705 6
14450 14
86957 9
14387 9
12446 8
86106 15
36014 8
36120 14
66491 4
82623 11
56582 4
28297 9
52374 7
89454 11
71916 8
5928 5
9244 3
10828 14
32976 10
24847 9
1174 7
61918 8
11613 9
7984 6
56290 4
31178 11
90457 13
22225 3
88828 10
74825 2
74845 2
12920 4
86257 1
34355 14
3674 1
52171 9
33079 3
3309 12
19048 5
68463 11
34220 5
43624 7
18245 2
40178 8
34263 14
85695 1
15468 8
18511 14
32725 11
72911 7
42304 6
98933 3
34726 6
39337 15
32492 4
97062 5
40310 1
53643 5
7201 3
32508 12
75726 5
58607 5
80069 9
49525 6
8520 12
30730 15
33849 3
75299 1
52380 12
75022 9
45829 13
41758 1
27835 13
13947 14
41971 9
93215 5
66455 9
97832 15
56153 15
86883 10
87801 7
33648 5
46317 1
2237 11
26622 13
35981 13
88024 13
70148 12
16665 9
71404 5
44665 9
24592 8
57738 13
78488 1
45629 15
5708 8
44209 6
75539 3
1443 15
54595 10
34851 15
57719 2
11271 4
82505 4
41930 11
76676 3
13162 5
85418 15
65963 9
43028 1
86207 15
24478 1
82336 9
95250 11
87106 15
19230 14
57199 15
27864 5
11527 5
90321 3
36207 15
51844 13
34822 9
52289 13
79629 1
82042 15
3423 5
47995 8
37513 13
22897 2
77148 3
14796 8
49959 9
14108 10
63738 8
55568 6
80871 2
50919 9
529 5
22256 9
86063 10
48971 4
22937 10
83233 1
21072 13
88837 11
61049 7
85875 9
55936 8
6077 14
46455 5
85808 9
5433 10
68357 4
10232 5
53207 2
20039 14
12278 13
67226 12
37828 6
31891 1
73008 9
56566 1
54829 3
30796 12
43649 15
94155 2
55772 9
40755 12
69607 5
23889 14
98197 2
81845 2
39095 2
62738 6
45126 12
84805 7
38185 10
53800 14
82166 15
64777 6
41391 15
34766 1
64035 3
87947 12
4133 12
52831 1
59242 6
31977 13
69837 14
37114 2
60844 1
98836 2
91884 5
1381 11
25527 15
53552 5
67893 8
88554 12
18023 12
93480 12
52729 9
69604 13
54693 12
9616 6
56360 3
62362 12
42122 14
56517 8
99625 12
98043 3
48324 7
69123 6
62449 13
17774 1
54824 10
10266 1
4875 1
10904 15
71276 8
82332 11
86603 5
3344 4
27318 15
53384 15
55612 10
90204 1
35928 7
86385 13
16295 3
30161 10
52716 8
68136 5
35425 4
71207 5
61644 14
61477 6
30252 7
31833 14
94788 14
93506 7
88219 11
82944 11
96578 6
53393 11
9614 7
57944 14
26746 11
18817 14
30694 13
91992 15
57075 4
11881 3
27602 4
8627 8
93491 8
85393 9
33789 4
53344 6
66109 6
84997 13
75819 3
22850 7
54040 5
38849 4
31542 1
39488 7
46355 11
30766 14
71252 8
24462 15
35856 8
8904 8
38226 9
54172 15
82385 13
47922 9
72120 4
46404 7
81385 6
40261 11
92545 12
41496 13
28370 6
18135 10
6356 1
86807 9
17961 6
5600 8
79350 11
87367 15
87458 14
84633 13
63436 7
95037 13
76131 4
61239 3
8327 8
69683 3
71991 11
3115 3
65782 8
53543 4
77925 15
57253 2
72860 6
52393 6
94702 4
10620 6
78046 13
65091 11
15541 15
4699 15
72158 3
10350 2
35641 1
11779 12
37818 7
4058 1
9002 6
2718 15
36427 2
18038 3
45847 8
28383 14
50191 15
97225 7
33305 15
1447 4
29567 4
93906 15
72211 5
30971 7
1644 2
73292 11
98 7
6585 4
88624 9
39906 14
91797 10
13046 4
71632 2
65297 12
53697 9
61809 3
19499 15
79346 3
37070 12
35378 9
66995 15
54613 14
40219 10
91815 3
76316 1
43209 10
55324 4
24629 14
52590 9
89143 6
25152 6
56972 8
92854 15
7435 7
43138 4
6956 14
16237 7
52266 11
73171 2
61465 2
26837 1
66659 10
48734 1
9735 14
86750 7
95062 11
60498 6
39826 2
93704 14
77434 1
14047 15
55628 11
10563 11
29180 2
48181 10
20722 15
87912 3
10639 3
74383 4
29857 10
38286 12
57411 12
63968 7
12570 3
89923 15
70424 14
22798 7
28134 10
5216 6
13008 1
30083 12
6270 3
91715 6
44126 7
36088 15
15520 9
90349 10
44830 15
1356 1
25807 7
71048 8
7237 1
39290 11
92322 10
31852 11
51887 10
35219 5
40119 1
14730 5
45232 8
30149 2
89348 13
26516 13
31770 10
82826 14
4419 5
35560 12
83526 4
40906 8
89791 10
94256 4
69066 4
61979 10
8155 9
46461 10
73550 12
25830 2
40681 7
48697 5
92776 14
56549 8
38235 1
26063 9
17398 10
13943 4
4305 4
94791 15
64482 9
59766 7
66234 9
390 11
63074 14
19214 4
78690 10
12680 1
67074 3
18307 6
73080 8
74752 14
3053 2
29374 1
75799 12
18813 4
17608 4
51486 1
92268 4
47134 9
35596 6
94698 7
57113 14
94863 2
25733 12
89000 6
36547 3
10250 6
48540 12
29328 9
72894 2
87829 4
69472 12
23332 6
31710 11
29071 10
44895 1
50566 11
59515 15
23053 14
50889 6
887 15
994 11
5858 15
53361 6
26139 2
17148 5
80854 7
80820 5
38719 1
97535 13
45469 15
48820 1
12156 9
67425 13
49153 6
16315 10
84525 15
92540 5
5083 4
88001 2
89673 7
72352 8
32839 8
77491 1
71487 15
73510 14
14183 8
28018 5
63297 3
70496 7
70013 11
95751 14
80057 2
13550 11
21148 1
16916 14
90869 11
20987 12
69766 6
92937 4
329 15
43994 10
11051 4
86819 15
30401 9
98499 15
93275 15
6438 2
62339 1
12518 12
81701 5
39948 4
83095 13
69357 12
56208 7
31817 12
72518 5
