1000 100 120
9406 1110
7478 1083
9896 7010
8691 5606
7260 4329
6671 5896
5772 3577
1971 3747
2458 7405
3536 7709
4200 7191
9924 7358
872 5634
9911 5196
2557 2262
6775 1824
2876 9884
6343 9552
1413 2121
8155 5212
8244 3206
650 7704
2420 3413
6122 9014
2356 6044
1667 2794
8056 7565
1898 9315
4520 5092
7114 6095
1905 1021
2212 9149
5744 9671
6322 1642
6792 2160
1089 3937
1313 1018
2755 663
2741 8790
4185 6931
556 5927
2207 489
7656 7132
1513 3579
6391 1888
9585 5893
8294 5565
9093 6668
7092 7055
3185 8818
5266 7096
6839 7267
5200 4229
8203 1869
5799 6123
8011 5639
1555 469
8890 8210
462 4217
4084 1611
4962 3128
3394 5635
1879 78
1346 8622
6067 3041
8198 3515
2141 3069
89 5158
2142 7022
7937 7851
4431 5768
1777 973
5436 5067
7042 8565
9799 4861
5638 9652
670 4705
962 1091
8719 180
1605 7025
1042 9799
5048 2294
5323 9262
188 1688
7185 4401
8969 4243
377 9885
3962 5940
4856 4899
6570 6542
7982 7549
252 5616
3765 6130
4833 7885
3742 6012
413 4582
4025 2453
4582 4739
1417 1083
8391 3734
3899 7744
7837 9804
65 3976
5974 1867
5699 1458
2882 2314
2473 8374
2001 7427
2296 1999
1485 1102
5913 7569
1734 8928
5955 4097
6756 707
2649 2836
1346 6800
5933 2484
2589 2193
351 3977
9315 8994
3098 9676
8962 3965
3760 6211
2458 1157
592 9321
8232 7776
678 5628
5674 323
5174 6658
7355 8924
8756 157
9516 1293
8773 4474
77 554
8506 2858
3500 2671
4480 4739
4893 1661
9904 4295
2490 4535
9159 8737
6721 567
4763 217
1400 6919
9546 1386
2837 7178
4834 8822
6564 7538
4111 8805
5989 509
5541 8689
2615 4020
376 6174
9028 92
4894 6682
5821 1856
9403 4854
2814 9737
4683 9746
260 6788
6601 7375
5700 6920
60 9460
7627 2525
9263 8178
2608 4620
2764 2950
4242 86
2472 7026
550 5432
6922 9662
2162 6978
1122 8421
5290 1999
1711 2903
3612 7774
4021 9833
6910 9569
3633 6532
409 2943
7342 2596
6558 4595
816 6678
5278 682
6840 2256
5662 5138
6874 2765
9532 9744
2716 9507
1576 7816
4838 9204
3885 2646
979 3756
8574 5341
339 9867
7806 9600
3450 2742
6337 6901
5813 8275
8303 5009
7910 3174
3065 4947
402 1442
9435 1751
1181 3098
7563 8106
2779 8483
1456 4322
8649 4242
5695 1837
9372 4542
2664 5802
4984 7388
3710 7733
9056 2665
3386 3549
6605 1680
6457 7078
418 2523
3469 7712
210 1045
3383 9468
8371 7853
7757 9313
9572 761
3842 4690
1157 1090
3821 452
9209 3334
7428 1804
1419 3888
6945 1417
1481 1510
9976 2964
5195 6388
769 7275
7975 1790
431 3937
1185 7591
8856 427
2041 8514
5850 4748
8839 7533
5116 789
4937 3150
2004 9208
8253 6922
2443 6491
2661 4830
9010 7186
8709 1817
5810 8235
9139 4993
7759 5910
951 93
4435 6271
9387 4967
5141 2052
8595 1313
4998 7028
8356 8951
7968 8469
9676 5466
1392 8747
6203 6619
267 51
9139 8224
4538 4024
6380 5169
7366 6008
8039 8769
7903 1500
928 1910
9272 5334
5269 5254
6298 3833
2971 6512
3005 4664
1977 3158
9776 6317
9971 7131
5054 6496
66 7903
7209 2145
2540 8301
953 3541
8507 5820
6183 3546
3934 1923
4339 6560
7829 7768
923 8119
3729 7955
3076 1311
4993 6465
6484 9774
7071 669
4377 3100
4242 4413
3277 7396
912 6754
9669 8780
7038 7593
3510 275
1898 7486
536 7404
1897 686
9687 6292
4746 2668
8269 9782
8588 4708
1503 5441
8048 5132
8781 8410
3640 9973
6061 4571
8375 6100
466 2780
4812 8667
9256 9083
3999 7115
5612 7427
7548 4130
5763 2926
6889 1144
7143 9436
6623 8703
5205 2681
6183 3420
5664 3703
6532 2632
7033 4683
4899 6495
7649 4050
5194 456
5596 9194
6602 7540
8428 9354
8815 8826
2138 3421
1919 3859
209 2754
742 1377
6878 9983
4082 4035
9694 688
9257 8795
1000 2160
2580 9218
4465 1826
8969 6373
396 7737
2230 7479
2842 4514
1620 1621
663 2279
491 1721
743 6072
9590 4179
5877 7931
3960 3508
9001 2512
2870 2518
7516 9730
522 9906
768 184
9435 9080
6667 4422
2409 7126
4475 8368
194 549
5945 668
8227 9452
4191 5915
1152 9490
985 7165
2386 8529
4517 4448
6083 7931
158 8301
6255 231
426 3253
3655 8095
3941 3189
5862 928
9181 5531
9084 8826
5557 7964
3173 5525
9674 4307
9161 4533
5920 3805
221 4416
9959 30
979 1796
2736 3469
1531 3203
3599 3798
208 6695
6227 9210
4703 9756
4202 949
3828 418
2852 672
5961 8914
1597 1041
8315 9988
8954 9780
6242 2151
1753 6519
454 5359
5087 6412
3681 3492
3627 8395
5583 7219
6961 6423
2963 6059
1321 6385
1181 3223
5870 4599
2124 8561
7046 210
3511 7065
6434 2203
8262 1898
987 2338
7925 2777
8388 5860
7754 9519
8928 8737
2792 7646
5204 463
4801 29
9732 8071
55 2442
5915 7261
1771 5420
5431 690
5590 2898
1859 1408
9529 6847
6555 9868
3590 6852
2816 2531
3963 8987
7220 7817
7298 3800
2742 8725
5164 5188
9165 5601
8455 3920
1892 1394
6280 7161
2116 1565
4546 8389
8979 1020
8623 4190
8570 3515
794 6675
4862 2740
2188 6588
2968 7241
2687 4934
5325 5294
82 5594
530 2779
7510 2726
7846 1682
1058 9556
8811 7656
8741 9340
9084 339
171 9370
1099 738
1917 8043
8446 201
5248 9307
6352 6943
3092 326
1575 7710
9368 9711
2990 299
1571 1576
5374 4830
1551 8217
2187 4948
8599 7250
755 1241
4362 908
352 49
6565 1187
5815 7971
6237 7180
4639 9620
8546 9783
4743 8663
8573 596
6457 5719
9654 5624
7437 5505
8806 3880
2181 8607
4894 800
1779 1509
9255 2064
252 4050
5876 5087
9915 2084
2293 4401
5132 3298
6188 9356
8357 7614
5585 1924
9550 2451
5883 1503
2548 8247
3364 8353
1456 2454
7313 3597
6516 2942
2611 8935
7385 7101
7277 6483
5534 887
1031 8248
9223 8664
1352 9364
4740 5768
6217 1445
7812 5269
5425 5157
3268 9236
7851 1818
8170 931
7344 6657
1729 9243
7182 5251
5285 1466
9723 248
5534 4025
1330 3662
5867 7521
6654 5052
9943 2946
6947 5880
7701 9283
8863 8490
7515 1527
8963 6890
6648 5221
1293 215
2692 9011
7913 131
2328 5127
1942 1855
7060 4467
4706 4334
174 3849
6058 7138
880 6162
3105 9708
2346 1197
7304 355
5030 3908
2726 5543
1028 2070
2244 6600
4804 3859
9385 9424
2717 4241
4132 7024
9804 7281
8897 1508
2766 6008
6176 6039
3956 5502
1973 7944
8888 5964
8185 878
498 396
6870 9360
548 1930
1578 2581
7483 3535
3117 4678
2843 8648
5293 5970
3670 9500
3533 2278
4683 2729
4329 2246
5148 8674
5685 623
6232 4367
6218 8049
5054 1691
3770 4842
1716 5711
5033 2247
5173 5851
7846 6884
472 2994
2897 7973
2994 6279
6133 9118
1264 9336
5057 1974
8642 5862
6721 8647
9366 908
245 2592
2472 6959
5737 7659
806 3449
9618 4979
4109 2449
7741 9313
8431 760
4496 6417
9932 7545
2305 3883
1215 421
7137 5915
8309 3889
9830 6775
3851 5946
4218 7474
7915 3076
8513 6846
9060 8836
3002 3837
7598 8031
4561 6192
3493 4154
8897 6663
7341 9921
8358 8073
3808 217
6241 9647
9813 7526
5392 9716
2962 8338
7850 323
5727 1246
7142 4828
7681 501
7679 9421
3805 4518
3627 9933
9608 7369
7352 8439
3833 4828
579 125
1996 2809
6871 8276
4883 2543
6197 9351
7420 4855
6218 6933
1489 1690
3042 3164
6630 3721
9865 7907
3725 1546
6185 5523
3107 5528
8600 5572
6274 787
290 5980
487 1335
504 161
4291 9093
772 2888
1083 7204
8162 9611
1522 1245
2407 4781
5471 7906
5172 5276
9531 3978
1714 3994
1342 8673
1059 92
9507 5693
9537 7785
594 2673
9785 9751
7229 6099
4767 9836
7511 4684
8558 703
2505 39
4375 7525
2765 8792
6786 283
1201 1504
5873 4576
2460 7500
9521 648
2043 7893
3924 3311
9139 6859
728 7306
2126 3671
7207 124
7561 2932
4776 5657
5508 2408
6003 3939
2923 798
8748 1764
4964 2064
9162 4907
5133 7165
5367 7537
8700 633
9653 1315
6703 6796
9674 7776
615 5212
7702 2561
9595 9006
6366 749
8294 7577
2916 9642
7367 3905
866 3999
2894 6983
4917 3059
5389 7086
6635 9413
3437 8835
8453 1087
2898 2454
2673 8772
9496 9384
4267 322
5597 7829
3391 4081
9350 3840
1071 2904
5736 368
7675 5145
3458 6514
1160 8019
5141 1896
1858 6352
5005 350
4641 7713
4335 1241
4323 3384
8034 1319
9338 4650
5408 5795
2852 9288
2001 5741
6540 2935
4909 5318
4939 8441
1532 1902
3063 5437
5701 5084
9824 5517
1270 1699
8830 7718
3710 4174
6921 3525
9796 5680
3936 7550
7818 94
9009 6340
7163 6352
9553 2391
6311 227
431 1077
9198 4997
4428 3458
8693 5446
4022 3384
7038 3828
3532 9100
499 9613
5033 2087
8262 5273
5430 3580
3956 4649
1702 6646
545 431
1083 560
1308 2711
9850 2814
9196 3419
6609 5063
2862 8922
9778 4979
9709 7801
5693 373
7915 2175
429 1615
1909 717
6011 1891
1918 8673
8941 313
5753 6619
1149 388
3901 6232
5142 5613
9723 2141
5007 2267
7842 5320
5750 6017
2213 1426
9580 1329
1517 9243
5305 8910
8676 3783
8864 564
4243 63
390 417
2179 4762
6600 8304
4484 7736
3173 2106
5916 6358
2792 3133
563 6284
3786 9166
935 5343
2176 1012
3057 3962
1355 573
1727 9113
5925 4352
2425 316
3282 3405
8660 553
8242 3493
5008 1602
2982 1344
1563 8799
8018 8142
823 2282
4402 5572
4977 5345
6363 8617
9947 6350
1934 1435
2865 382
4503 5568
2137 9985
9500 4596
8706 1152
7792 509
527 1480
5611 3
5898 486
7627 1532
9962 5994
4375 1489
5297 1610
7916 2781
2484 5983
1690 3557
5602 9768
6598 9205
7447 4638
7746 6153
661 7824
4066 356
1014 2127
7866 8242
9077 6017
9843 5205
3221 4846
2538 5469
4523 6090
1974 6173
2495 2433
2509 2581
1293 3045
7756 3821
2694 9338
6165 2410
5023 7525
1768 9749
8760 7250
2206 2464
2111 4667
1872 5858
1745 1578
1902 6993
1110 2743
4439 248
3887 8677
8775 878
9998 9126
3619 7487
8774 6355
8318 5597
5764 5949
2570 8837
8377 9121
464 3093
9941 5858
3828 6442
1022 735
8871 5806
3526 4151
7893 4726
149 586
3191 5549
767 9502
65 2420
4147 2940
3033 399
9318 2544
222 6314
3 2083
4301 3173
4160 1634
1473 6668
3717 707
1621 2213
2626 3853
4677 4840
95 4297
7612 9311
7944 2044
165 1124
366 8745
2429 9556
842 6627
1222 5159
6892 7159
171 6033
7288 1132
2730 4128
8177 8827
6160 4510
5644 3301
6267 183
7805 5182
2621 9311
2240 7619
7585 2205
9863 7414
4795 1998
3497 9917
3985 896
9581 7153
9699 2767
7287 8304
2457 8257
312 7316
3463 6152
2324 287
1657 135
9366 1151
4421 9765
4982 6268
4205 740
949 218
2324 7086
6711 7039
6937 9331
6639 3376
4178 6609
8798 8946
628 2278
4892 7891
7666 256
2722 848
9250 419
6828 6672
9399 2281
6832 9256
3647 6695
3385 1863
9508 8111
4396 3278
4492 1257
3562 4148
7446 1900
8780 2586
6625 3832
72 1506
8989 5158
7795 1594
8639 9940
6563 9685
6104 4528
189 9925
6042 2477
6048 1380
8154 5742
3764 4124
1803 1317
1158 9948
5371 6435
2085 1694
