100
2 101
9 80
12 65
15 21
25 86
48 15
76 26
97 83
101 83
125 82
132 25
161 23
164 106
165 107
168 41
169 15
193 53
197 17
244 81
246 65
250 67
261 52
279 81
283 112
289 64
292 105
310 18
324 73
325 83
329 21
344 115
373 28
382 75
383 31
392 69
405 32
423 35
429 40
448 55
471 63
474 30
477 17
483 50
496 49
510 47
512 43
525 45
540 41
546 47
555 70
563 10
567 42
574 50
575 12
583 54
596 78
615 33
618 25
626 43
629 76
642 44
646 8
651 64
659 26
668 31
678 14
682 52
694 102
696 91
701 81
707 62
717 39
723 85
736 38
747 39
759 91
769 57
772 74
795 69
798 73
804 85
818 23
820 90
824 71
825 58
839 69
846 38
860 24
885 40
890 25
891 83
897 82
898 42
913 79
922 87
935 83
944 12
973 27
982 100
998 77
