100
11 25 13
60 66 69
49 94 59
48 57 47
87 35 1
36 15 44
70 56 90
50 17 33
13 61 91
81 30 76
62 15 53
82 46 53
63 10 40
13 24 20
75 73 21
57 89 7
98 86 69
64 68 45
97 66 90
85 19 28
63 9 73
94 71 88
49 71 18
25 72 4
89 96 67
19 90 25
67 58 90
36 20 50
61 80 39
11 61 13
61 75 32
45 71 95
46 53 35
20 74 11
65 60 50
95 79 63
29 22 40
2 92 53
87 54 87
54 16 87
49 22 88
42 1 84
48 98 84
42 52 12
49 17 19
85 23 32
89 39 90
82 37 6
94 99 92
73 54 84
75 41 30
49 39 81
32 17 79
54 25 95
49 83 79
37 64 58
92 84 57
47 66 84
35 84 87
30 86 89
76 3 100
58 71 48
57 22 36
59 11 24
44 8 18
2 13 25
71 13 76
75 76 40
41 42 28
91 71 97
4 30 45
59 33 99
34 88 86
47 71 64
38 35 73
39 97 11
74 93 23
29 36 53
41 38 41
86 84 41
68 55 31
80 68 15
65 96 7
96 87 52
4 100 78
6 38 59
44 89 74
37 55 27
37 66 20
95 29 32
25 48 24
66 99 25
66 100 4
73 22 9
41 51 28
32 74 41
38 73 69
56 17 64
27 45 92
90 86 71
