9691 1894
89
24
33
11
99
64
61
55
5
75
22
92
65
28
24
8
25
81
22
81
28
70
92
100
12
98
91
34
63
19
53
78
31
98
2
77
74
49
69
70
91
48
7
88
41
67
5
68
78
100
64
100
37
43
57
58
4
28
15
1
63
75
73
1
57
62
83
49
48
6
99
3
60
15
87
46
98
83
18
15
30
40
4
75
61
72
9
75
33
73
28
89
61
24
30
34
90
40
24
5
90
56
20
35
100
48
72
43
21
17
44
82
94
100
53
5
89
56
25
41
40
48
89
87
76
85
15
29
6
74
44
79
40
92
79
18
81
18
42
67
84
71
87
22
81
59
91
69
31
41
25
99
70
44
80
66
24
73
24
11
54
61
54
56
86
91
54
21
1
67
70
58
74
28
75
72
70
100
58
62
28
32
100
56
45
2
22
70
23
28
8
98
2
23
13
92
30
69
82
33
41
57
3
100
36
8
79
33
9
41
25
89
2
55
62
11
25
48
73
3
43
49
46
42
63
33
66
66
19
71
96
50
43
33
49
4
43
97
35
46
88
78
63
28
64
69
84
25
32
26
42
46
88
57
47
89
6
47
44
10
91
22
30
85
25
35
47
93
41
26
87
63
31
63
10
64
33
57
55
88
57
52
27
91
26
98
18
62
36
33
47
66
33
93
21
69
9
10
31
71
83
95
11
75
33
9
27
57
22
95
83
12
9
86
64
19
96
13
14
37
71
27
59
64
56
24
97
96
89
64
67
61
100
9
17
3
53
47
37
23
77
85
56
23
70
30
54
58
36
17
97
15
82
51
15
52
70
86
86
69
11
6
21
53
94
77
74
26
22
75
61
19
85
90
46
81
81
19
29
16
84
90
36
29
66
9
26
34
73
93
10
72
67
6
3
80
46
14
5
4
69
87
69
43
48
9
76
81
99
60
1
98
16
11
34
36
4
18
87
23
82
73
13
24
76
61
5
80
17
97
50
18
65
22
37
74
91
92
45
36
48
72
78
11
48
32
25
86
14
69
87
99
83
73
34
84
71
27
67
70
50
86
93
51
27
22
97
72
34
23
88
8
43
50
97
41
91
59
65
46
18
62
98
32
44
31
40
22
31
65
50
99
47
92
99
79
20
75
76
50
40
84
91
79
34
43
87
100
94
79
88
14
47
60
21
84
42
39
75
52
89
19
8
50
3
20
21
90
20
92
34
57
33
3
31
82
67
46
78
53
67
1
51
20
8
27
58
89
17
29
95
41
61
86
40
56
26
64
61
5
70
36
2
83
48
53
9
49
96
35
51
53
17
94
33
45
55
53
23
38
79
51
74
61
39
25
75
60
15
40
48
90
3
20
46
3
10
61
97
94
86
6
84
71
95
17
26
24
91
28
33
69
52
99
13
1
54
82
19
48
32
38
96
17
99
8
30
36
46
32
13
44
45
32
25
5
27
77
66
77
92
44
90
1
14
67
91
20
89
79
9
37
29
11
79
58
11
5
32
20
44
49
8
55
50
51
13
10
89
19
77
25
59
59
59
94
76
11
12
52
38
38
47
82
34
85
5
96
4
87
98
4
16
9
26
33
32
14
63
80
25
37
21
1
60
20
90
17
100
22
22
29
58
51
63
27
1
27
40
3
2
95
24
98
16
34
44
58
86
62
46
75
26
91
99
2
60
22
2
19
41
18
72
45
65
23
31
47
75
69
54
30
45
8
52
8
70
57
41
48
37
100
22
23
63
77
30
67
77
99
83
26
11
70
43
28
48
79
22
35
47
12
55
93
60
78
33
19
73
25
83
55
5
66
46
3
36
50
88
63
43
14
74
25
96
22
43
7
27
43
93
4
47
79
84
67
50
50
14
3
88
16
30
22
42
50
78
21
71
83
61
13
32
1
63
1
25
61
88
6
27
11
70
10
14
43
93
77
58
31
60
51
77
51
94
25
5
29
2
53
93
98
41
32
78
77
8
63
62
52
42
41
50
10
24
46
3
34
37
92
71
19
76
62
15
58
42
52
75
100
94
20
37
46
77
38
68
24
86
43
31
3
44
45
70
69
75
76
6
9
38
48
51
7
54
3
20
90
35
3
63
84
74
5
1
8
2
65
24
65
3
15
27
28
82
31
59
34
3
49
37
55
53
66
86
31
5
91
27
6
93
98
52
85
8
19
19
26
100
56
67
42
29
15
78
92
64
65
69
88
42
60
77
64
25
87
49
96
13
34
2
38
88
49
68
92
86
12
23
96
71
44
1
57
39
11
78
67
31
11
46
13
91
81
64
52
9
67
43
98
5
47
89
51
11
99
6
84
56
29
9
46
94
56
97
1
22
78
63
14
47
67
43
64
41
24
24
32
33
84
93
36
16
63
26
40
66
44
10
91
12
32
2
33
21
46
28
54
60
22
90
59
51
68
90
35
36
13
97
54
27
92
33
13
72
3
95
88
70
62
79
91
85
93
22
24
80
14
10
87
40
2
6
85
62
19
78
72
90
22
2
44
39
16
100
1
38
62
28
13
24
57
59
44
37
31
74
23
39
76
22
11
4
17
32
1
3
1
34
7
2
13
48
19
46
95
91
34
45
91
77
4
90
30
72
80
54
54
22
94
86
47
23
19
37
100
29
91
47
28
98
21
58
55
84
67
94
5
88
44
26
77
59
19
83
10
54
99
42
7
7
78
27
82
56
40
77
80
21
63
42
9
9
14
89
5
52
17
35
80
8
26
72
39
65
80
79
60
43
72
2
38
40
84
46
50
88
69
83
61
77
80
1
32
66
16
73
48
91
54
43
79
70
63
27
29
17
23
85
65
92
52
84
45
67
59
40
48
65
90
80
64
68
97
93
12
57
56
72
24
75
71
90
29
3
38
71
11
73
98
28
22
29
35
19
9
74
30
62
99
52
60
71
67
26
8
45
30
27
41
49
40
57
49
27
74
65
95
40
70
23
19
79
21
96
57
29
52
50
25
39
82
51
70
23
1
25
45
40
54
31
18
51
25
80
65
68
37
96
82
27
58
57
70
67
76
92
78
21
79
72
35
59
32
56
50
57
23
51
20
19
92
7
67
96
51
22
97
65
85
34
41
81
38
86
39
34
2
80
46
6
6
26
46
58
16
85
51
44
18
64
40
70
85
21
79
13
12
75
20
88
46
73
88
25
28
87
95
74
72
15
59
79
49
81
60
84
71
99
44
23
33
53
26
80
32
27
50
5
61
86
20
53
2
29
16
45
42
87
30
98
64
66
86
85
60
84
61
36
53
27
64
100
96
62
16
36
45
37
43
71
62
80
23
85
88
39
12
15
64
56
28
18
14
21
67
80
76
33
56
42
73
51
55
23
25
32
72
61
48
86
92
88
57
5
4
9
26
82
75
26
91
73
30
7
80
70
12
19
57
86
42
91
59
97
26
65
14
73
68
76
74
29
42
74
59
51
61
27
91
15
65
60
42
31
7
36
82
18
13
4
65
85
28
62
65
82
70
93
29
38
5
84
99
49
8
83
66
93
46
17
30
67
5
39
46
22
85
14
53
25
88
32
60
32
42
48
87
94
7
31
84
9
56
15
15
25
74
58
29
80
34
38
62
64
98
99
21
37
91
17
11
78
21
100
11
75
85
41
5
58
27
65
44
32
94
12
13
9
75
14
71
99
100
60
93
8
11
39
44
87
37
10
40
41
6
77
48
19
9
60
63
93
83
77
60
57
37
74
74
8
79
36
69
50
47
76
5
96
26
71
48
16
92
34
16
27
49
37
79
22
43
93
83
96
75
25
27
64
67
85
38
63
88
87
26
55
61
77
82
51
55
68
70
50
73
16
30
33
86
34
58
9
77
94
23
64
16
27
46
42
59
25
21
51
19
88
7
79
68
16
61
27
97
56
8
84
35
17
68
49
12
16
47
3
65
84
39
74
60
94
78
6
14
17
96
4
30
13
18
45
100
43
61
86
76
21
27
22
72
77
1
29
99
43
99
2
91
74
53
89
97
95
11
77
43
28
81
90
64
99
92
23
21
46
30
75
82
92
70
16
94
35
70
78
8
2
12
10
58
54
11
16
73
13
1
29
57
29
70
3
5
96
94
83
69
86
34
46
10
4
85
87
44
45
16
33
14
56
67
23
45
20
90
59
64
84
67
94
42
56
79
91
41
68
84
30
81
82
48
20
49
95
92
37
48
2
95
5
63
90
79
34
73
18
30
28
94
28
50
11
52
64
53
24
63
49
56
26
52
42
83
92
66
60
11
50
21
93
2
34
75
25
4
100
49
63
6
59
13
47
15
41
82