16661
21040
40968
40289
-75934
88174
82278
57302
90567
56719
-40722
-4591
-88024
87114
87703
715
-92180
19246
-70300
-417
41608
87154
-81289
24770
21024
-46172
-70123
79277
34218
3203
-10278
-72787
-96114
57215
-91917
-13527
-79040
-31032
23534
-41286
4085
22629
-10797
15832
-32813
-56036
26482
49865
72049
94772
40997
-97848
59449
83241
67279
-57781
5463
30184
95628
-40782
25612
-85366
84660
-89949
34218
58796
-28020
-58432
1819
-36797
38638
-66719
88455
-63431
-28346
13832
73913
4800
-818
-28679
-75068
-1926
93949
-18510
68125
14978
44690
-37824
18533
-62047
-93286
78470
-24225
-53088
-16914
44634
76160
-90218
-58598
51984
86040
38613
4698
-95790
-14878
16313
13811
26839
77354
84601
76392
-89324
-47907
46942
-50255
-69670
47076
-23780
-9998
59046
-66810
-68502
10886
48193
-76844
-85078
24813
-21895
6598
-70885
66970
54495
-79237
30550
84203
-10397
1675
21267
-67716
-53319
62228
-96626
-73204
-65739
5339
17921
-92299
17119
-18174
18008
81926
47903
-37851
-55050
-7492
24022
-78763
-82312
43968
-91562
-30511
-42545
89780
36022
-45728
-39392
31813
95719
-29682
94904
72150
37473
-33122
-40121
41212
80770
-60595
17334
-96394
-19759
-57457
-39236
-38236
23454
34726
-97844
-62585
61630
29372
-49965
84681
-91623
-60480
-45199
-88285
-44990
-11818
44026
35327
83289
96265
-50065
-79293
25594
16556
-24174
86693
98231
-48187
-97998
80002
70870
-88794
-90956
95494
-88243
-22372
-19581
88249
31013
-97305
-60732
24393
95772
-64645
-18819
-36195
12980
14855
-48572
52830
99625
59290
60781
-68789
-48519
-18911
-60774
-12279
97549
-3105
14352
32210
78629
-12004
34951
65246
-38412
79674
-94685
-13220
-34282
-48745
6395
-91900
62574
-2596
45538
-85703
-57085
19460
-99806
-18777
-62002
-842
-12070
-32864
-31121
-61235
29997
56160
61585
-62193
56122
39813
-31053
-80546
19491
58996
-65433
-82349
-63281
-87704
68046
28310
-77427
58457
39086
-38046
3764
62261
-51308
5760
-24282
75606
33735
-42254
93944
-37416
-79920
71890
8505
17667
-68812
49262
-23452
-87157
67998
-10630
-8625
-85773
12333
-19146
20329
21595
10483
-6323
28532
51990
89397
-83618
93473
-96231
-30434
-24746
-53559
-52571
-64738
-39606
-71002
5157
-19746
96517
-89110
38426
-60695
11854
56538
-97000
-71147
87839
-58928
53974
-40532
42926
97077
2278
-52765
74213
-87427
-99643
63114
54592
4108
-97502
78977
-95911
-37984
33325
46851
-91796
46121
-21524
95637
58305
-35624
-87689
74988
-38769
-74599
-9486
27807
76785
61876
-19535
-5328
-88255
-21063
-95489
-91651
-40037
-55081
-61083
87927
80044
48524
15041
-12073
-90079
63698
56053
19073
20548
21239
40775
-45305
1057
83945
82801
-81355
88810
71969
-12133
-48888
-34733
30897
76788
95896
65240
-21855
76887
97375
77073
26332
-43015
6105
-43027
86103
-11155
-25607
10004
-61166
-48792
-59378
-23932
-46310
-25428
-95546
98637
-70748
-36498
8967
-51159
-18693
66966
8354
62987
89709
-29415
48264
16170
-57472
-40071
-38784
19443
-4703
72115
70762
54844
-34803
19361
-2653
-94988
81908
-15982
14969
31391
-40408
-74185
-45677
90265
56851
87935
-53717
7670
77514
-55104
-67011
-30013
-71392
-25133
64890
35749
27545
-14803
43754
56857
-52975
-68854
-59892
37404
-54933
64133
-23710
78649
-28147
76778
67402
15327
29256
1364
76746
94073
-29977
31341
-83283
-70314
-4795
96120
-40265
28646
97400
5923
-56186
78228
-27548
-13421
-32821
-31011
2040
77942
51149
45239
-84378
-71953
-48603
98644
7982
-48455
11703
-72973
35167
-81770
83033
-19719
10611
-23452
32006
79500
-8483
-95628
23639
53004
-85773
-86431
61351
15835
-75488
-63911
-86785
-6455
-92374
83312
-2627
37190
-52565
-35292
-43358
22288
96891
-25522
90186
-63051
-97755
-74840
16824
37036
-75423
-98824
39432
-7126
60934
-32200
34035
41325
-53330
36404
-10047
34672
-49398
64503
-2435
-45223
23994
-8434
-3499
-17692
63118
-72581
13132
16831
-47873
-33248
-45957
-11628
897
62051
-38853
37600
-86809
-88859
-71625
-52162
21804
31445
30241
15448
-18296
-20426
78282
-10069
-13114
81823
-29652
-13871
70136
11753
77634
-94519
43770
-92990
57325
-98259
79203
31747
-77350
-1967
-62516
-52589
27084
7471
-97275
38382
-54437
-77338
47369
42064
13636
58775
-10623
51336
-69371
-3509
-89289
-59537
28600
-29303
-12489
20570
-3781
34505
34004
-86397
26588
-49364
-6520
-76402
-78260
42274
84256
61497
59144
-1311
67539
23290
35953
-77855
24951
17800
19513
-69017
-70930
-92800
-68160
-36886
95583
-26256
55482
22340
43919
21444
18013
15505
85765
61020
-41172
-88784
-40493
21238
89224
-42462
-47542
-9142
1201
-25451
41760
66952
31743
66056
77051
-36619
-65431
71557
67520
-39899
-36598
29976
-96642
-16033
7398
97677
28134
53206
53909
-82779
48438
54818
-29126
-12876
-67005
87944
-92855
-83243
-52149
59881
60442
-92786
53442
-73709
-20383
63379
-46717
97755
47646
12476
-72314
51402
-45134
-93704
-85843
-90917
-72737
-55354
-39955
9867
-36174
-49327
22547
-27734
98087
-25954
-57231
-96204
90724
-71551
-29960
-81847
-8289
-77777
36607
62465
-47390
-97279
91692
-84719
51646
57555
44731
67802
-61131
89764
-67013
-40348
13783
76809
-35052
-20538
-8041
65811
8750
67453
-79042
41671
87771
15917
-34024
-80199
39166
42433
-65186
46112
93596
31973
-93117
-16387
83237
33870
-84224
-63787
-52986
93428
-19091
-24135
99830
68457
-80354
29381
-44558
88245
-93865
40216
2088
-71687
-56350
-55529
7540
39209
-58026
45784
23266
9413
-42323
72142
-1171
-41559
-24900
67178
3409
89554
-89668
-54856
27539
-37670
-35996
-36665
-80504
46899
-93497
13132
85104
76099
82789
-40516
-33352
-89143
55766
-76993
-4581
-77168
91070
-21137
-7866
-24111
80417
-21663
22621
6644
-17891
49908
-15302
-12557
-11632
39752
82671
-12057
-12762
-44967
-74723
-55898
-77795
98299
-97477
49423
-30962
-42411
35607
-88994
41977
-60658
-23698
-9638
31909
-40742
57112
-98749
73624
-33299
85533
28397
-23866
23239
85095
-11031
-7751
-42678
10516
-11025
-40896
89838
-41209
42165
-55259
16986
-76434
-51540
33709
77903
12145
-34852
-88198
87490
5047
73233
32784
-74397
58364
-37443
81796
-27536
-10467
9901
82668
32764
22019
25844
49364
-83670
-60127
20118
-95575
83689
-644
35103
-38993
66959
-96545
-11086
97039
37913
-28479
-68626
-44662
-41945
47082
-42465
36754
7696
-42222
94828
37242
-85119
84004
36902
-77268
47438
12351
41514
-52343
85803
-38454
-96739
34143
-54872
75898
-52534
-45142
59008
45099
91650
43502
-67780
29188
-21994
-73885
38530
42230
-65216
-29255
68581
-15422
-24489
-67323
-62877
-87411
-58034
-35297
55972
-6891
92666
69558
85076
61499
-72987
76178
10066
19393
89179
55582
44961
10326
-743
-46653
61139
-7311
-46554
71782
-93739
79536
9155
-13546
60773
-34131
-8765
-25388
-3177
-29946
93209
59170
-66940
-88274
53916
96191
24946
72420
511
-25909
33852
22006
6736
-49837
-51683
35690
96324
95972
9824
-36166
34862
-5273
69983
17591
-98447
-98030
-71948
92846
15853
4431
63787
48822
-45383
-40350
-89069
-80989
-67876
-7807
21488
96347
88065
60494
99600
-67298
-5820
87305
8594
42520
63762
79645
-39851
20062
72979
40977
12693
-28659
29695
70475
-80245
30478
-64267
-81847
-14623
-54518
-84839
-79449
71110
11597
-8772
-96728
99856
-81916
-84653
-43146
-97257
9366
88899
-41364
78044
-36989
-23218
82409
26427
26226
91526
46121
-16459
90490
63035
20965
87461
-32277
70787
4331
-92665
-54664
4076
-79726
-29304
-59290
1751
18836
-34744
97910
65203
-12819
74884
72106
-30192
-14907
25679
87261
-79801
-29263
-87383
-70856
-46372
17898
-38969
-19521
48286
21838
50444
-71289
-8754
72501
22626
-73333
-28208
27791
-50273
56432
64755
83875
-71724
76867
11345
-59184
-25403
-24471
-97988
40579
91445
-86323
-57518
76063
32130
-8768
79095
-29083
16336
-55928
-31925
-73263
46659
91108
74126
36169
-22094
-70868
38424
27307
9311
-2474
5450
-46786
17066
-57117
65722
49772
-33982
-58446
32277
-19177
-57196
66359
19232
70839
72695
-67762
338
72925
62674
55783
84263
86186
14255
75890
-88848
-77137
-97932
-56782
-80021
-93788
-36013
95676
91386
-6098
24754
-15042
19541
99999
66565
71028
13335
36382
-96257
-73442
-29572
-35416
98500
52508
38127
-80959
-30692
90779
81829
30936
2762
-34249
19700
-60573
36663
53346
-47306
575
-62460
-46489
12240
-39693
-53809
73441
-91233
57755
-91975
-394
-82055
8739
62736
54232
-55903
6406
-90252
43248
48618
-93523
67130
-97015
74236
-33971
67593
20518
18077
70268
73893
83291
-43670
32752
-26290
61876
63588
-74360
-22086
-58472
28352
38594
99485
44069
-4510
-37657
62212
-19841
-44159
18342
40174
63404
58318
-87779
-72451
53066
-8264
13621
74154
-3925
-78794
-12177
95171
64155
38902
-25668
-51182
56236
16320
50721
31865
-53480
24938
33301
65538
-55604
-7623
41462
55430
51287
-72171
-6133
53121
31211
2534
18250
-45346
-20955
74630
-6401
11947
46132
36968
90824
16082
-75319
-6432
-93441
-6460
5677
-11990
82326
62934
-6296
40200
66583
-15983
-99917
-20091
-91140
5968
-13236
-87377
21444
-89621
64050
-73041
-74928
-34271
19641
42071
10922
-71661
-71808
21341
58128
27653
40457
-86053
5507
-84128
29990
93977
36752
6626
96891
27070
-71247
46708
12932
17138
-92000
-39384
37942
89464
63266
-54117
-93834
-33745
-75158
15809
-94010
74677
-63605
62284
82453
-29989
-7852
26168
99918
-20509
17152
35883
98520
42755
86153
-13726
58335
95383
-26392
50082
-50945
82825
17537
79850
39394
-98554
49207
68675
52935
60807
33619
80869
37826
12857
-96749
76886
16158
96860
56081
-29932
-99733
-36210
-88046
48599
-79103
-89011
-42179
-36045
-5270
88598
-25170
75164
96738
-40761
-54634
37670
-58018
27327
1189
37458
55400
-99539
-63849
-16138
63106
-53248
8207
25247
-51022
-39607
-21454
33924
38014
35279
-64700
-95559
59391
18176
-40962
-25304
-42893
-87221
-32664
34403
-11693
-1466
28827
18728
-92586
-82723
-10300
-21386
-91465
38926
-33558
60869
71554
88996
-56657
46483
30874
-52588
-81133
66216
30176
33258
-73176
-18429
-94227
-95122
41761
-61599
-94314
-55635
-23709
68841
-38393
6716
-1025
64508
-12008
22136
1551
18681
-27457
40735
27211
-30217
-77580
-2109
-46358
43812
-32517
-83796
-81362
-55381
-8075
31133
84090
-97246
-91449
26235
99846
-65833
-67023
-43330
-50768
33078
-29626
44396
-9220
50967
-97252
25443
-88807
52851
18800
-42987
73698
-20146
-5189
34143
4822
15517
-81600
88260
42424
-20989
18148
37335
-87032
-68264
-15001
48175
-42735
33399
86650
-59493
1899
-21082
29416
23149
30909
-29900
-57291
-84151
-31856
-83807
43387
-86675
-64935
13598
-30068
62431
-38775
67756
47315
35133
7143
-96415
34275
-59417
82003
-49039
-81900
-24721
26488
85387
-25741
-62098
71113
-49658
-4321
51957
-61772
-3073
-72713
-1844
-16292
17153
-83507
61244
68739
95030
85411
-68984
41822
-10106
47782
-89898
-80338
-68256
-58969
32164
-9501
84138
13668
59886
-63287
40299
-4065
92113
6761
16847
68136
5128
-55643
24588
71907
48711
-90123
81770
59640
-85834
-55886
-98728
-66889
-1642
-46142
99144
-52366
-17107
-73973
88492
85629
53930
38679
-7069
-3948
-7729
97635
-9444
-75187
-57702
51491
61939
-30974
9628
69999
-85624
15212
-16287
-1890
-82613
-21638
75047
95416
-65258
38554
18730
-51863
-53342
-33980
2755
-44100
19772
-99699
-28197
-49601
-12664
21146
2727
-53495
-76763
37192
34217
78750
95396
54377
-22315
-33452
49024
-65921
-97873
-32841
-57506
-44877
-58645
-43663
-85555
-70713
-52829
4418
-18731
59038
-50122
-86636
18315
76515
93380
-84116
-35397
-60765
22422
80695
63702
-79839
11752
43061
-35597
-97081
88245
87184
-56913
-15768
-67568
-63660
-90844
61126
34461
12434
-48270
77696
17654
22989
-28837
35851
19121
-18369
36689
-11564
21724
-63949
56673
49399
-15676
24817
-1242
79712
3022
62795
-1174
-50505
-31612
15241
-81689
68797
86635
-47461
95369
31032
48009
41580
63365
84364
63408
79690
32524
-61503
86037
-96225
2709
-96354
64937
98003
49389
-66555
93257
-90565
24162
2224
20813
-74094
79013
-86556
-66311
54782
-75027
35549
27067
-9485
90423
38991
-32150
-66273
-10580
50133
-56219
15648
-74917
-37700
88536
-82336
-18159
-49650
75247
-58785
98064
-38328
22054
-96991
63927
-56755
-24355
-7121
80209
-78479
-58344
-30080
24120
72352
98852
70600
-88950
19207
-48271
96004
-83798
24113
94542
14973
-30423
-14966
-76756
84254
80482
54238
11123
26424
82299
-84060
-19229
47849
48864
39602
13870
-92746
-29198
61446
-48612
-69068
41393
-22678
-10111
57991
27647
-4702
-12484
-13122
55720
-72954
-71242
-50629
-41214
91429
32507
-78712
88915
15131
-64647
-93079
48795
9434
-90581
-66057
12171
28670
-33669
95402
22355
72844
51601
52630
-3648
97424
-85717
-47223
54867
16227
-10292
56673
-86940
14391
-92307
96634
-45353
-31955
29279
3055
88932
5268
81044
58823
25183
5107
-89192
-42362
71648
5863
48298
94291
-97543
-44596
68438
-80346
43024
70055
27339
93162
65491
68871
11596
21237
-45456
-62608
89072
-36070
-46768
-5399
-74308
53895
-79275
61542
13772
-79286
22821
98755
-34520
-18880
8009
77249
81832
-8106
-96913
67838
56061
-50823
72591
-42581
-89072
-28068
-99516
2250
13785
-96928
-93912
61722
6163
46118
-18058
46410
-20018
27581
46686
-95821
59856
23028
-86468
29998
-70825
57933
-77884
43208
70903
54878
-96482
63995
-3994
-79295
7269
73115
49605
-35213
13594
-6925
-69784
-69217
87010
14509
34184
-57214
88398
39282
59657
-51793
55564
11590
-86243
82177
-91698
-97757
97879
41302
-78438
70582
32284
22074
94168
-98472
43184
44127
-88454
-68569
67830
-14570
-89613
18848
-36551
-53050
-21472
1263
-86372
16570
-85165
29322
-53752
-83680
62005
-16763
-59793
59717
-8355
15374
-84782
18996
51867
-48264
46359
62425
16032
-50960
-61047
-72470
91654
58110
-6024
20381
80796
-67897
60212
19499
32225
-18176
-34102
-8969
-38949
-6864
77087
4514
-6249
-31219
-84521
43419
50195
-77991
36747
-37553
-4763
74886
86037
27776
92249
27032
-21985
53122
3404
89216
97734
29071
52248
5177
-69252
-82383
-45004
55238
72302
28580
11484
-87433
45847
-66992
74459
10740
96666
-32599
58815
-39028
9428
81259
22045
-38824
-9606
-94691
-92684
31049
75982
-78363
11358
-9182
77953
-74633
68242
75524
29896
-50976
-2810
-20625
49962
-96048
58628
-13371
87631
96084
96084
31556
99094
-50176
-55452
34098
10542
-92872
-35894
65236
51831
-35410
-22715
2410
65574
-91181
-19879
-17396
23329
-36144
-27692
-69818
-66321
38765
65348
-20020
51734
81677
29496
-62118
-89808
-61748
-99394
-42164
-55895
-29623
-36310
-32678
89607
-30479
-93734
44431
-17745
-60065
-5243
-75473
29902
-77865
71500
-29117
-53650
50327
29314
-13410
-31381
84803
-8631
-32371
-30233
-83095
79951
37724
-22063
-2286
-68688
-91784
-4475
-35168
18847
74629
54147
-93363
95478
22694
17457
-97063
54899
44305
70145
-15037
-44150
17311
3362
-98553
-86190
48092
70532
21489
-4967
-33066
42729
-83010
-64122
-61650
-26662
-25912
-16902
-38121
37492
-83894
59755
27791
-17432
87215
-9640
-86417
40386
43908
34067
31716
-73510
-64068
33805
-14368
-32477
33679
49617
8967
57391
26274
29020
-76937
-28778
-66250
37448
78520
-1258
65459
29935
33234
83
-20741
13796
44812
-92140
1176
92877
51832
65970
33375
15534
93412
45674
-74384
41085
-16525
37567
-75918
10517
55045
25273
-82021
25060
37003
48285
65316
-77996
-36713
14077
29337
46128
-78900
-8016
568
-16044
3689
-79954
84942
44750
-197
-98383
76154
87491
-81176
22880
-9078
84574
34825
27840
-33210
-56432
-30761
-30285
19198
-97608
-58506
76234
96165
-38149
30395
-54558
36493
64704
-37760
64174
-32362
-28129
-42654
-59897
-16528
-30283
-28352
85111
37509
-417
-19745
-78793
38968
-47565
52864
-8040
-64540
32575
-23545
-10080
-85835
-38151
35430
48413
-57640
49248
-80989
-24579
-33860
-32218
91543
83478
22010
-54560
-10185
-57837
65687
-83446
-79565
66201
-74789
599
43479
-11007
-8241
87727
46685
-40765
-95102
-89466
-1566
26542
4343
78281
-49743
60621
36034
-2794
1273
1313
-4796
68659
-30256
-4261
35035
53733
-50300
-12023
-29838
60117
5486
-74340
-43847
86542
83775
60864
-32335
81207
6695
93986
29859
-43700
33710
-89114
36607
40181
98073
39273
-541
-68845
83430
62052
93258
33339
21551
20252
-65710
78627
77241
12045
81089
-86535
-93681
-60613
80863
-56521
-9695
50712
-36377
-82741
-97169
-66823
-46102
73366
-53130
-48231
-73844
-83466
-2597
-46743
-73445
35871
36512
36057
-91457
-28969
71607
-1420
25675
20691
43649
-47828
44583
46606
-77010
59546
-92691
41391
-27447
94566
40609
-90378
-11401
7168
47734
47309
8031
28964
-43747
-62056
-22435
51233
39311
47211
-8167
99872
-24405
-63700
-15579
-21961
49135
49763
17987
92526
67539
84317
10295
67980
-47924
-16292
-1714
-97303
-79975
-94405
-77259
24982
41896
-86052
54137
95691
24126
-48899
89295
74048
76634
-55290
86875
90457
-24598
-98662
-22771
-92175
79218
-83781
93423
-15715
97923
89331
82970
75855
-49685
-36277
-84604
1053
47095
-26582
-4843
55985
68517
-46886
72095
98343
15413
17417
-94503
14629
-49319
26266
-27596
-33915
-37744
60116
-89570
89929
-63658
17064
28198
65905
89747
88850
19071
-30227
433
56165
-69649
-3176
-42781
46004
88408
21939
-60092
-96082
-52933
59513
-33830
73135
10431
27774
-20569
26462
78993
61695
47756
-49066
67534
10105
-4984
84061
69642
33336
-28445
-99483
24275
40048
-22624
28769
59308
10316
-89756
-4783
78387
83070
39858
42838
-45563
38822
-53085
-7782
-75994
29150
-78649
-34002
-38982
-97234
69836
16352
-83965
-26973
-18269
-21638
-92544
61033
18041
-55328
-76306
-58157
97396
-85837
-98046
-30307
76101
-84791
-1555
-19492
84004
66872
25708
-76225
-53911
72103
6862
8229
58011
5347
-79702
-97158
70529
-77765
-11653
69927
-13320
-84837
-53559
-28016
-52436
10560
-90748
86281
17769
-93192
-55880
-25050
70430
35736
-93782
62271
70009
90359
10421
43228
-4248
993
-42368
-22083
-16601
86751
39982
44798
11067
-67551
31985
20614
11294
-67345
39628
23501
3522
-35256
-12299
-28753
73844
-29475
22099
-91137
12307
-90120
63358
82562
50159
57737
44145
-89795
-76491
7871
96361
23403
-56156
41386
-44830
70309
-91359
-85490
74227
15775
38214
-86366
43148
-26079
-56547
46908
4158
-46954
90806
-96240
-25075
-49000
52379
75294
48859
16419
-75205
-76391
47285
12515
13933
98096
-30802
83168
84789
-76595
38400
-60507
73904
52885
44815
27496
-44953
17669
97238
40641
78638
59854
-16045
-14680
57622
71436
-34948
93333
-12959
-39472
-66800
-40262
75446
-70702
93706
86048
90072
55713
-52597
14090
-18123
-48888
37538
-13407
59524
-91557
-3572
37545
-16533
-66328
15353
95830
-81145
-88929
50771
68619
68668
88910
94231
49542
-7056
-38735
-65481
-31329
-96904
55133
-33176
13940
-9328
44696
62117
-54703
97712
57430
-31093
50791
46922
-57244
4674
50537
-93656
-91177
71302
68424
54174
90258
-33159
57134
-10765
-16909
-56493
-94610
-62168
-55381
-67510
370
86596
82671
47865
-41208
-67615
-94503
10131
-33011
10378
23896
-40546
37946
46576
-74371
98669
14618
44056
-81202
72480
39316
-94740
48250
43308
-54959
-26391
-57056
-94625
-49717
91212
-47768
38635
-4281
-81225
60232
-17833
78993
-71938
-16057
32583
-217
-53775
29105
-93772
-91866
2410
20072
-48912
-93605
55781
-57371
-1967
-79035
63031
-49108
56517
63523
-19395
34966
8223
21111
25935
33562
64852
62288
-92057
10503
-87039
14500
-81381
-6766
-50441
-86465
-63388
-18666
-39331
-7934
-82959
31337
12376
-23968
32727
-45456
-6600
-632
-48602
-52767
-96612
-33887
-89024
74557
80872
-82506
-96759
-42621
-21951
-13570
37663
-9276
96837
80956
22714
-74424
-23112
-59279
-11715
42296
64838
26087
43994
-14948
27986
41249
65787
10467
76655
-25031
12815
86128
485
63403
-11430
-71954
99110
-43148
-90654
60690
-78012
63458
1719
85786
-22276
83393
13120
317
20209
-23827
21522
78463
-10028
-63953
-83241
15780
-14242
-18168
42271
-75521
-88127
-67124
33416
51127
59686
53500
17380
94926
52616
28853
-5980
-46086
-55799
-46056
36310
28824
-34249
7055
-40351
2364
39171
-45636
-29261
-89033
-87081
21275
42015
31529
30676
36081
42514
65614
67354
32821
-66343
7994
-2927
63703
-89893
7804
73552
48268
-35818
-18700
58192
-72737
-18692
24085
-61763
35793
85303
65596
5200
-91438
-8774
10927
-53493
76453
86030
-79712
31025
11624
49124
-2470
25807
-27660
-11796
64487
30871
77057
77671
-94735
-73949
81845
17178
53696
-891
-22503
44779
-66944
26949
-21744
-17990
-69660
-68772
-68113
-36269
2296
44802
35155
26258
-91362
64911
12879
-23398
19678
23367
90089
-29639
-16839
-89233
95482
25431
78467
61385
96233
83656
-94201
72953
30542
41989
2391
-47918
89743
-51885
-96289
-48165
-12580
-89797
40217
3012
-2535
34182
-67045
-26067
-32990
27283
85031
-38633
96127
72620
13292
-27583
-40264
-4978
-37586
-18791
-71299
25904
57882
-58941
15296
-69870
-71061
-84141
-12974
64367
15369
98613
13208
30739
11340
-9499
862
-56167
28673
52868
91194
88189
17360
35512
-24445
-26403
-71074
63817
12787
12964
-52560
-20382
-13183
38019
-44691
99455
-1788
73830
95390
-76564
6444
19552
73317
-19968
-78698
-12001
-70362
-24750
-51058
-77059
41604
-12794
-69597
-57202
92832
-25571
27877
43787
-7339
-79342
-68574
-19523
-47520
-81395
-98803
14923
21978
-74722
69108
-19933
94777
-31518
-46218
-22407
-17475
-36207
32097
80133
-57003
-29822
-35411
-60887
-28724
-63982
-75043
33780
-30346
46289
-72284
84126
15997
33392
14870
82226
12335
54963
-37839
82449
-62477
31506
52295
-7076
92645
46999
-71288
-20010
86652
98234
71908
21101
-38419
67924
-85441
66432
49728
14188
-26097
-71891
10312
75308
86701
-55335
67631
66582
66185
-94211
-92547
-71606
-10945
-87121
85645
-23045
-90252
-72579
85104
-43990
2536
-37143
-12662
-59794
36739
71335
44833
79734
74104
-93938
-58978
-97158
-44967
11512
95269
8712
-32501
-92312
64982
-46227
-92343
-20738
64206
-56237
95723
-45373
77030
27353
34142
33087
27406
17824
-65589
3826
-71861
16920
40589
36308
-61254
-23097
34349
-7115
90989
38157
-21408
-38335
85168
-37101
-45149
99927
51754
53681
86295
28653
-7560
53493
-20494
-2550
-63949
-78270
-40985
-63803
-77482
49264
-48147
54046
-34328
-10083
97540
70893
85720
-61590
-25969
-67020
-60696
-29578
30813
-84211
-73832
-38144
27438
-87352
49787
-17225
39274
-95317
-97950
41255
-20704
-79379
-43543
-39563
65078
-21762
83152
-66137
-90681
72794
-66866
26631
-18174
-67288
53212
-31403
-53829
71693
23222
65954
-28766
-70975
-56140
-27869
818
97087
-22774
81628
9074
90202
-3502
66647
26899
-87165
-30925
-44928
86127
15752
759
-47855
73262
35727
-71192
26455
27061
27302
8241
97869
45951
-66633
32117
-4998
-75160
-4375
-39193
86608
94084
-32427
-51218
-51111
77720
-56760
-12251
65023
-94625
52509
92983
-34958
9547
32728
66307
49698
39987
40540
96813
-58809
5251
59367
-51384
-1946
8
14134
-58325
-3373
8062
45949
94239
38032
-46055
-70331
-96034
-92993
44528
-98839
14747
10291
68284
-23300
63516
-43221
-90558
-5080
10949
-67532
-33865
46544
11195
-45619
-69220
-53339
-8563
40095
49920
5993
-65981
-11446
-82149
55352
-1748
-51272
36613
-87899
38618
-39501
97065
90939
-35500
-96693
-648
-24
45694
-98185
-22221
31803
-48614
12465
87502
47932
86188
69766
24636
-27905
55029
-49540
17246
26682
-96943
2361
-8094
-6416
-96598
41610
84248
-17622
-26350
56957
-73374
-4668
-80962
75682
-9511
38713
-66390
596
-77665
56139
74597
-14444
-29924
85458
-21074
-34214
88892
43125
45965
-23770
54153
-97986
-36487
66425
-66194
-99360
41944
-35085
-10044
-77079
-38895
-95062
-36596
-66442
57736
97808
9
98971
65906
39302
-80764
-79753
-70754
-73269
-84678
18256
-89570
-53252
-91459
-41247
51916
56630
-63675
36123
68011
-76756
-67617
-76921
2911
-22118
56795
-71796
-48269
-67370
82235
6478
90805
-49900
-85600
49025
-26509
-18191
-44945
60407
-7144
-51040
79379
-29358
72837
3027
-77368
-41789
-94439
-12779
30359
82840
-41798
52429
6677
-61402
-27606
-50183
-70549
78477
49741
9611
-13032
64848
40212
71179
79531
-97812
-28275
-90056
83480
20006
50123
-24693
-6839
58991
-98864
38298
51986
19257
-1083
-51760
-80055
48913
-59163
91310
-2415
-16266
-38699
-32779
-75200
55888
-11025
-83088
-84840
80443
25576
79297
-49212
-10086
-81080
24814
-52456
-10050
-49944
-80125
73696
-66083
67991
-53637
-64977
67152
97059
-76972
91845
80362
52590
70951
12253
46875
-39267
41149
-56544
-37954
-77784
4895
-82924
-4082
58335
11388
-80635
6173
73067
-18490
96346
97470
69964
-50275
-12910
35091
56836
-65088
43120
75339
-20656
-91592
-13488
-86288
-94858
52904
41604
71609
30176
-42832
-51903
-41888
-27168
55720
74654
176
16435
27925
-11031
-36554
-61701
24725
-38199
-92149
89568
-15735
-32869
-39635
31940
83842
71502
57394
-31006
-47963
94916
-96274
23522
-42105
41728
-16568
-61797
-74514
-17093
-50805
9952
-58749
-43156
-21445
11560
30793
71054
-75165
-43896
64532
41266
-34485
1762
-10207
-54304
-12409
-65063
-8400
-66332
-64033
-86637
65864
-38786
-67639
-99857
-18205
-71483
70060
-98648
46391
-25876
-60188
-64455
19221
-33305
13866
69475
24810
-51366
18908
42264
35618
-77150
35752
-97100
51573
-81309
17805
-80063
91593
-62527
86294
71409
-88144
21318
76867
-3709
-53061
-958
-24243
-28842
-68886
-8910
-56586
-74130
21027
-93351
-88900
81673
28156
93547
-64449
67143
-26408
-10705
60257
23689
4531
-80870
78537
-48393
-66298
-37415
87166
21444
28900
64649
42862
-79915
87573
55300
-66798
12445
72061
54071
-5229
-59303
68695
-45631
-66863
-47861
-10765
-89385
81464
-51859
-7291
-48968
15679
18340
31059
-10102
-33438
75132
-19749
-71702
-76708
-96282
-859
-75546
88661
48844
-28322
72543
-27260
8945
66231
21038
-90325
-39605
-82466
-39474
59182
-79677
-3088
-12298
70694
28071
19132
70564
71155
-46012
71890
74112
-73974
26288
48246
16029
13810
55915
97831
55146
64343
-41931
-20914
53756
18509
73682
-22153
-18823
93815
28312
-83372
26800
-68988
-57468
4914
79477
9567
24644
-29109
32436
78685
8626
-1505
50082
13405
-2521
-32371
-33555
-56086
-97542
-75287
81683
25594
37617
88450
-96165
92084
-75171
89413
43112
58508
-94747
-17827
51170
-87439
-14321
15653
-82174
3148
626
40353
78308
-44134
57580
-35962
42367
-52872
71710
61624
26510
-65412
-93693
-44856
-38784
-13941
91075
92110
-70908
67532
81121
-55785
-4270
-50890
-6054
-55048
-95907
82490
64844
61690
-24917
93370
-45092
95524
40530
5287
12626
82139
85899
99575
-66845
50849
76525
-95513
90361
-11667
27533
-91198
-91585
-68752
25430
-857
84589
-45052
19539
65495
-18652
69359
-39386
-33719
9910
16504
-33022
99910
-5156
3255
-65592
77814
28740
-79317
36388
56898
-20784
-24657
98456
75055
-18805
-54758
-7665
-74721
8735
-33531
-8918
-13465
-19048
3941
83442
36850
-90265
-76626
39212
-97952
69085
-88460
33227
-26462
61215
-41913
-78485
6988
-15131
-19429
86821
47492
24150
81112
36492
74537
-14107
-17150
-9396
-57407
-14377
31186
-13934
-77568
-81650
-98560
-65824
80861
-24043
66331
38973
43836
-28634
37933
71246
-3996
-19788
-31749
-14148
-83794
51008
-81610
72478
89387
-97377
3994
-39012
14275
-88323
45230
76511
24649
5583
-71342
-8072
69073
-4499
21292
-26108
27411
1780
-87347
7050
67194
66972
23437
-67940
-95262
62159
63971
21040
35676
49177
45424
-69344
34263
74126
-68211
44097
58954
24615
-11820
74632
-66016
27260
95877
94988
8589
33537
71389
-93953
-46205
-34725
17548
39582
47583
46052
-74251
-42843
78566
-42035
16370
-42271
-42163
-56597
5122
-73651
-72207
-59122
-69769
-61658
-38629
-68286
-50804
-67865
-26639
-17108
-78085
1498
73087
-57357
37854
-27406
-86531
-74778
87756
73116
2056
-99935
-74459
32753
32529
50222
-9863
79794
-10051
-72918
-73290
-44014
-22463
-12277
93255
-50794
-84959
5255
13111
57917
56553
-26429
47267
17566
83524
-71021
89698
86222
-6106
-61260
32796
-89760
86682
56513
-16070
65627
-3118
98391
39872
-80860
-51513
-42811
62051
-71178
23767
-65289
8321
76487
-4451
-23628
-67096
76107
10503
-88091
79054
-58225
15729
21200
-99462
-15733
-88509
-96991
73241
18768
79317
60361
19415
-45920
57594
-87363
6568
92179
-2393
80294
-40006
-64382
-84353
92643
90737
-8798
99056
65092
14539
-35245
26979
27122
91567
91090
84295
78846
-2195
39391
-62678
-29050
21059
-63253
-27485
-58188
36641
-69890
24029
-36844
83957
-81130
-43466
-40343
62276
5118
-50315
16677
25328
-39429
31841
58401
-57924
-2808
-48383
-85253
81541
2626
-18495
-83647
93111
-99460
-48925
57448
82961
-2065
31893
-93230
-9417
-14218
84509
-13154
58934
49293
56879
-11807
97975
22255
36605
88621
12328
-18431
51767
-68273
-49648
-46300
71700
-72185
50900
-58367
-58631
-19924
-42692
65091
26633
-46913
-74206
-94681
-42703
62728
49099
69574
-43388
57266
-22095
-30707
-95841
30178
-41557
-23948
63979
-93789
-11061
-67335
44934
89616
43824
-49827
11397
31633
-28910
-38089
-67751
77860
69657
-27501
-34067
-72263
-48505
91215
85423
-7046
-30949
18587
-98439
45610
-7550
15302
55322
4781
40668
-60598
44019
-95353
86144
-36141
89215
-95907
28721
29443
63765
6935
-14501
71768
50434
-37352
-89375
-78939
-88674
-22419
-75247
52875
-38260
-59866
-44121
14147
20329
-17390
31453
-23838
90730
-55788
-70841
-70635
54572
64170
-94804
40877
-54399
89310
31616
5743
-4741
-94694
61569
16762
-11648
-5457
88450
-8573
-91581
55486
28829
11140
-4961
64838
9922
1406
35546
14185
18294
-99684
-20210
59704
-22102
94277
97199
-17079
7959
-87240
-76883
-80038
-27119
52526
1095
-35617
-79180
-43683
-59507
-71768
37235
-45257
-15721
-30156
88853
-33960
-80791
-69482
-5766
55783
-2490
-29816
2320
-45724
47238
77181
-6361
-97784
-60963
95038
52377
-12463
-21173
75595
-45859
13896
-24934
-88494
-97294
67170
-20828
95683
71324
8376
-55804
-31472
-90265
-42092
-26722
-86596
-71999
-77990
16500
91806
-68126
10869
-29567
99326
-76738
48267
-63412
20394
22059
88101
58593
69492
-91010
77143
19505
-6719
-2610
-16394
-32784
-62650
92529
98913
-60533
79814
97502
29842
74507
-33856
-39088
-71797
25791
65090
-16663
-65799
-74511
-23527
-19402
79802
-4419
-70876
-34031
48076
-41737
-49839
59766
-1603
31285
11871
-7155
-5634
24972
-52088
10569
-46950
-45153
24043
9970
25433
-85833
87560
88567
93353
-94533
28145
-35780
85029
-42202
-82460
58672
-43394
24759
-93858
-70583
-51642
68533
-48428
43891
-87982
-83874
-89777
95855
46463
3363
10817
77315
95856
-74835
-40204
-63994
42500
45682
95096
-4139
98994
-31488
-11108
87990
-76311
38581
86618
-94928
-57755
46004
-32096
-57608
-54935
-46058
99045
25128
60448
8255
68154
77644
83783
11129
-58315
65493
20361
-12412
28490
-33856
-76138
-82618
-43120
-739
77454
-89115
60395
2157
30516
-12639
5813
58455
-12537
-2934
37215
-46557
1473
-58514
-34701
-50443
82090
-6793
-13331
-81131
-32108
41986
-7158
-50991
-42862
-98344
32740
-49628
18786
-952
21316
71227
-96504
-54176
-66456
89133
50014
-85402
34706
-56075
-64347
2620
13388
-28679
58815
-48397
66767
-98376
50483
78017
11656
-11966
-94297
-14134
-1984
20576
-82489
-2078
14777
68467
4704
-87097
57773
-63641
-33292
-85365
27055
-68117
63634
61864
87423
85504
4835
27068
-39126
93661
-67417
30587
54964
43963
-9863
-73624
56499
-23590
91564
-99582
-44322
-44976
-10343
-24234
43699
-96161
53433
89401
67714
86267
5670
-16611
27267
45394
48667
-26863
63372
28733
-33811
75004
20711
64149
-34313
-46161
-9729
-69248
56419
-2439
-58928
34777
-2766
-44654
-44401
-79550
-34930
61072
-51421
-86136
-85864
98562
45570
-56506
-16327
47343
-44538
22737
64046
59714
-15786
13630
10632
-68667
-21148
28763
-35241
-74957
-35456
-23238
-16342
10971
-50213
41928
-29539
-16169
-18836
-57383
58109
75371
69884
83086
72604
84312
16828
-58346
-78453
-37524
80220
70725
-66875
-42261
41670
-95427
31593
-1937
-664
-10122
52554
-35525
13955
-33169
46466
42766
-56218
-24941
-60582
68914
35741
-43003
-1788
36405
-65991
-91796
99507
32044
62078
85945
35055
-81073
17860
-45405
78011
-65327
-45702
80518
-42240
-50506
60702
-91712
-65837
-60318
78165
14271
51249
93705
70426
84174
-33535
-4797
-79441
57787
19035
-69837
-89110
94984
-9218
98328
88213
-69226
86240
-50839
53812
79280
84931
83325
-14495
-61116
-68854
24315
57199
62945
-27188
-11547
-92409
56296
79567
93500
6375
21102
8899
-41510
81596
44228
-96983
25392
-3608
8684
58961
88688
-1080
89031
-80213
17957
-83718
62724
73062
71442
21367
38715
-89494
-83036
80913
49592
-19397
-94702
19807
-58909
86519
50532
89914
-16285
-53435
-46233
-21033
-44168
-69738
-9494
52455
9799
29487
-50893
-20734
-80099
22663
-92374
-57427
-76557
73043
-98963
-17970
-96672
-93244
-67557
-18131
-21673
-52746
34447
-97291
26753
-73977
3215
44658
-4933
87586
-80704
40491
-57011
32809
-57659
33215
23201
-62806
82853
77361
-5656
92981
34567
-75998
86610
-42207
-41926
-74096
16475
28924
-81366
94466
15343
-50912
-8991
64456
25315
-57374
-11403
4778
-13944
-88153
-89732
-88690
49295
78827
-74053
31696
-8154
63550
51491
-35803
61552
76618
-77244
-89231
60046
-35667
81730
15428
1561
-36195
-87021
83163
-57660
88162
99305
62951
14302
68703
-47912
-3725
78322
-20011
-94688
-72449
-33874
27149
-51697
57355
-17469
-35907
-27518
-35369
21866
11414
-86026
74121
-14842
-90575
37546
11882
59583
18421
-70804
7701
-36811
88106
-26601
31816
2372
-60565
62098
83262
-95303
-77187
13453
50947
-54489
-23619
78702
14219
77624
-89354
-94693
-52913
25292
45821
9200
-50001
-94781
37109
3654
-77268
96952
95008
9813
-92231
-61178
21935
-77048
-36353
-34501
28721
58265
-27616
179
1028
-21490
54430
98562
55898
15849
-37707
-31925
-35701
-65886
67251
-28029
30396
-52419
87421
-46932
39669
-94730
25160
83280
11916
98386
-13267
53889
48320
37998
86588
95138
-74210
40162
-54461
-72116
-7472
-90376
81001
90772
-42575
-55826
59393
94640
81917
-19378
10792
-37601
68580
25534
39717
81356
-79017
-59610
23069
-49648
-13435
47539
40562
84756
-28739
-94480
52538
93882
-98243
16008
83860
88459
-55751
58019
-97787
50666
25677
-69288
-42974
-33404
25345
68425
73649
41064
62387
-47438
-22094
36943
85550
-36898
-32949
-22041
-82442
37910
38689
80892
-38738
96971
-84047
-40054
94190
-78476
-2967
75548
-44415
-77380
24093
-69776
-98292
-32283
36461
-47788
30995
9304
9874
-50235
14662
93340
42288
-56318
26581
-55756
3637
20014
86818
-59984
12648
71507
99575
96395
-51364
90784
18469
-44126
-91399
9326
-78839
-64635
6913
-59272
34952
-16442
-86799
82988
98635
55872
39233
18327
-36048
56595
81989
59885
-44481
86867
-23207
74212
-63732
26121
-37181
32867
-4025
-63343
77762
-64920
-90639
-81618
66413
-81188
15054
-37988
-53831
8638
-90461
-18311
-80184
-35609
408
-69638
72268
-56872
88509
-29032
-54910
-11556
97127
8063
-30265
64665
65258
50951
63736
-95650
-35911
-85789
21757
57263
-73616
-62940
4312
-76390
-1473
-31051
-75969
3263
21705
-41655
83821
59438
-30850
-72389
-10378
10441
22729
-20692
60851
96333
-88650
14178
64368
-62327
84467
42204
74939
-96056
-25838
92337
85482
81920
75055
-38126
5036
99713
17169
-82238
48060
68804
5434
93499
33904
7556
81060
-88859
20152
44379
-11516
9642
67836
37913
-96625
92306
-74866
-23975
-70341
-15654
96023
9735
-25539
-39886
75898
-63462
99910
-18173
38616
9725
33669
-46225
44259
-74902
-36302
-50951
70439
43201
79944
-61035
-47774
22219
-66265
-24944
83092
37840
11367
-94689
-72837
94
-67840
-56227
-40620
-76353
-6151
77969
47362
29491
-76793
24815
-12459
14281
70640
-53830
-16089
-36372
43340
-56831
29238
41025
12073
-92655
797
-89462
90793
19706
-59848
81253
40029
89630
1725
-55130
-8669
29288
63867
-44281
60638
-4381
35816
-33807
45057
81536
-89078
21579
-12471
-42820
95119
24256
-81323
68595
-16807
55824
-44236
68055
-42119
25482
52424
35219
-77286
54607
-44623
57034
50555
-96531
-51230
-20251
69000
9568
-25276
49642
56354
-35512
52920
-89786
52413
-54706
23331
-38882
1266
52855
-57948
76736
-17344
-58573
62798
80992
-78731
26383
23328
-21057
-30470
73374
98252
-51591
47731
69688
-29708
2256
-29490
-94331
21483
-14755
-40546
57623
83376
-81262
-58620
23070
3635
-2312
31405
11453
53216
65177
-29454
31457
57455
70612
-74608
36383
-47537
-27399
17205
-40606
-12868
-95022
-28421
-24100
9679
-74021
11856
41329
81111
-84555
84683
-31537
-14639
46758
-88782
-61058
-56917
-31012
73240
33766
91786
-91928
39159
-17549
-51143
-97450
97449
-57080
87829
-48907
-76207
66767
40870
83262
-87602
-53409
-80758
-11146
12641
39515
30645
-50904
-895
31650
64768
2538
-97343
-20601
-80907
-53921
14608
-35703
-79173
36913
3372
-78550
72732
-79
25718
-52532
-32892
73783
-36997
-20963
9375
-20429
-54823
-53631
49014
-92581
-35349
64390
-8075
-70031
-67958
-22030
27720
66858
-89624
27626
-98096
60213
-27313
2515
-70125
-89067
61822
-27054
-51003
-4926
12288
-99527
81495
14448
97082
-93954
38557
30981
54634
46617
-77989
-88312
86625
-29674
-82133
54694
-71041
-60769
-8662
-70545
97034
11950
36015
-21969
-67811
85083
-9878
78829
51717
-92221
40929
-51649
-50549
-49617
-46220
93311
27891
-47467
33715
-61868
-67939
-28005
-79426
-13365
-41505
99190
-43705
-51383
37342
-17964
82713
-16190
-61802
39707
91428
50491
-39874
53612
35924
-45148
20063
43402
-35375
48602
65430
-13987
87254
46465
92054
-21163
16891
70356
92682
-28679
49037
65831
87911
-32921
72906
-67162
18170
26860
73180
81765
72953
-89521
44494
-23177
32941
-15620
24091
10709
97342
43009
59591
52467
11783
-12778
-16400
65698
-6151
97689
8684
-81338
64724
4657
61202
96624
38359
208
51368
-81676
63685
-87857
-73312
-46358
66117
-73905
57425
44467
-23993
84247
32596
31811
2178
9600
-36886
-25412
55099
-30798
79008
59439
-2842
-64356
21016
-89233
45877
-74328
-91319
82225
98030
63877
47641
-39716
43767
-25653
-13162
29314
65321
-12707
-64757
40575
87893
66301
-23805
-32670
-97967
-16175
-62112
-57120
-56220
-37983
-46897
35552
98943
-54855
46508
-61748
-14257
32756
59135
73651
53176
50723
86191
-53314
-92016
82936
99820
-94164
46848
64150
-89043
-14047
-27914
-98035
77331
35720
-66188
34889
64920
4727
72235
97768
-79508
-38407
-34797
61689
-33009
-91107
-64770
95964
-96710
75996
-13565
-11092
-27355
69510
29034
-29464
-18407
94628
60599
65568
25044
32759
61713
-24874
-9433
-44515
90272
-13854
-13841
-46387
-85083
-11524
7174
-25706
-11986
12035
-46983
-87323
70905
-11514
-26169
80561
75235
-7050
-97361
-87749
70096
-35856
-13627
44967
44219
42623
24424
73412
46018
-92909
-57919
39167
47949
-41074
-2218
85139
-51068
32258
36465
59692
-96217
66408
64423
-62307
-37398
21687
-33956
32991
-92854
-43423
-15746
50472
-49288
14785
-18060
-60480
-28684
96345
-92772
-94062
-66064
-59842
14875
-45526
-93931
-42074
-37417
20675
62655
-3201
62360
-68688
-53909
-12350
74771
-90657
90311
-4293
12298
-32466
8699
68973
-33666
-41387
38171
-48442
86600
23081
-62633
26138
8943
-6791
-73904
19461
-28452
44631
90933
-8772
-12008
55109
11211
70629
99582
36206
69024
32232
63735
22020
-17750
-326
-76931
-69117
39697
74419
76725
84975
-85161
40230
-23156
1224
-85400
77468
18581
78672
-64773
-70099
81104
-85294
-9287
14425
38690
-48622
87199
74965
-67343
44502
35004
-40131
6573
-932
-23781
67192
86100
-87685
-93878
74667
74303
64038
36494
20501
42295
32848
-29201
-25266
35362
48444
50723
-63217
30485
-58151
46510
-70615
81701
-20013
70582
29037
-58056
61213
39666
-48128
-30360
-18348
61064
-46715
-57386
-50906
-88339
-59936
82974
-51480
-71550
94714
56264
37617
18666
56543
-70579
-81875
38412
78633
87663
-825
54889
97826
-24246
11546
83482
-57321
-47648
24012
34227
93845
-16168
12859
48374
-19151
45638
-24369
82413
40585
89867
-22005
46995
-40706
43551
-50267
7354
-52103
-5734
-57017
98612
21402
-93774
-73879
-2834
-2090
86712
29574
27966
-1345
-88323
-23455
17278
-41647
-39075
77021
82780
51174
26813
57951
-89051
51948
-52349
-68510
-3467
-17851
-56475
21029
62203
-29764
44558
74140
19793
-67816
29642
3163
-51596
51913
-91956
58987
10361
-16095
99582
53915
-25073
-8640
28687
-55561
16541
-15409
-83707
-39672
83760
-68931
-63562
-19818
29981
17993
-13885
-52417
26761
4105
85055
-51505
-61404
4636
-63660
20167
-69580
65776
9493
-15379
-52283
47834
-58203
-77125
99827
37829
95803
-26689
54610
-23023
8458
-51828
78256
50700
-69134
69757
-89397
-10315
-88642
-32805
-91924
-17171
33645
-68358
-20859
-38185
24719
74809
-21747
40582
117
35932
-38261
41174
39175
10293
75292
-72448
70726
94310
-25205
-45922
27989
17617
47321
54262
73597
-88284
50534
-86068
92963
-88955
-45297
38056
17850
-70391
-5690
50010
19617
64679
-42717
51292
-82499
23103
-2966
-88539
11079
19760
-23791
-52912
4897
34334
55926
60238
-82263
49953
68340
-91274
-51816
-79111
-35148
88372
55205
73901
86146
66800
96904
-57410
-79565
-1086
-72553
-73248
18816
64703
8367
-72905
83274
50498
83678
30632
92863
57308
-14534
72226
-13888
-50562
-19435
-26862
-40061
-79801
-93993
-2230
-51255
85270
94795
52590
86796
-96729
10551
96334
21486
71359
26129
-47153
-51346
-31296
-9141
-89756
-40156
81453
65629
5347
5779
2103
51870
82048
-1187
5660
88078
39941
-26480
-5299
6999
-50355
-16614
-95983
-54402
-84036
-98656
90208
190
-94182
-70204
-165
38727
-23165
75514
-92780
-16466
-27662
33746
-74715
-38810
95388
45043
-8060
-63725
-5363
34303
-12493
63972
79845
51604
71387
11534
48581
38094
61870
-4765
-1392
-82581
-33952
44612
-34762
83085
81482
4876
82382
-94169
40047
26959
47204
-44757
50490
47188
58850
3628
99847
-1068
28070
49857
42224
-91677
-6981
-7654
-42037
-69667
26647
21620
-16691
51213
9595
-99485
56448
18036
27047
4619
-5594
-3208
-57876
21705
58407
74244
98173
-17906
54839
-53617
31590
14045
46109
-1426
54272
-99320
-90739
87763
26700
-35508
5554
3276
-71369
38612
97922
86192
61716
-26488
30672
-94239
63686
-96084
-45871
2377
-50539
-48873
98201
-17096
37347
96996
16638
-81976
53324
96303
13093
-11859
53009
64310
-40032
-83257
-36358
-33171
89112
-60737
11244
-99396
-17991
32586
20865
592
-95481
8458
22321
-57623
-28865
78834
-88014
-30617
89999
-13486
-57140
61040
58597
-28682
8062
-21792
-89732
77712
-91890
-61110
96355
-48328
72127
26980
80380
71684
-89423
-63411
34955
-54048
30608
-37610
-45070
-40872
-33683
38282
94781
79543
52013
31426
15046
1959
94174
89006
43737
58348
-13575
-86160
87191
70411
-76846
10988
-88086
-66823
76426
66726
-10449
-68294
-16248
-60485
16982
42981
-78058
76947
-44873
-17333
-58779
49932
-44623
6438
40181
-43239
-94252
-40563
-81516
92323
-87826
-56353
-11399
-15824
-64813
-24894
-20927
49167
64162
-74640
30993
22687
-77618
9461
98876
-78437
44287
-55650
88777
-54622
-23347
-57155
61767
90131
2305
-73314
-33711
-45947
-18380
68534
-51660
-61519
-3299
-20825
-34101
20225
1776
-65924
82445
-53929
39225
8618
37393
98176
-65795
13198
30125
-81272
80014
-8339
87648
-50005
-74823
-63837
-52498
-74211
90914
58952
15505
44629
-64658
80164
-98827
58631
-98433
-25983
-2813
-40521
54927
74433
-58726
23471
-39923
-82840
-68902
91735
37345
-77459
71842
-11883
-23789
25681
-86794
-38931
24451
-65460
90764
-79986
91340
-48309
-57599
-68280
-86103
-45038
72637
-18023
-22574
-40927
-97230
38203
4412
66004
-42128
24366
-7238
32358
-13733
-77484
-59473
12314
-16383
-66704
39362
-79280
-51669
71584
-12210
-49326
10507
-25433
-39732
-6087
62127
86996
18233
-95287
-91971
-49885
14657
30368
-18651
-23858
-40618
60862
76001
-24960
55072
-67456
24495
59419
-16603
-82030
43179
68285
-58032
80805
-98167
50306
-63663
-4937
-63101
-54958
-22403
79001
83349
-64640
42568
-6877
-76567
-7733
35369
-10277
67768
-89565
23961
-33464
-66294
-47183
-716
88735
85069
46106
-66187
-80880
9111
-24427
97130
-82964
12850
-2466
-13057
74476
10573
-6236
2379
70028
11452
59101
-28888
-78005
13011
69308
59464
-46553
-29854
50455
84184
29722
-19861
-41757
20924
11216
-27020
96285
-25056
-72958
-45720
-93285
-15758
17594
48854
-27764
85623
21143
-59682
-36409
64581
87008
94922
70554
-68553
-96512
-95941
21131
-91082
8993
-94947
26680
98360
-90156
-54924
83244
84657
-67321
-62760
86939
-81177
80919
-75361
41380
2692
81029
-75961
42638
60296
-61408
73501
67738
87795
49892
-96255
-7980
96099
-64408
-55052
16653
67150
25644
-34450
-17454
-60483
14670
-4699
72434
-78677
-55428
34828
-42257
98160
41668
22948
-77101
-24568
-7639
25115
52664
-76076
-93150
-72069
-8374
-86335
-54112
51695
73249
44307
76414
-96358
-5555
-89209
9322
-73750
60608
74568
-38475
84028
-38887
-80401
44285
49814
314
-22477
-70028
-1837
-83690
-96830
430
-46660
-23037
98977
-26394
-58411
84788
78762
82117
-65136
98469
-43047
-80168
28820
84144
2792
58595
-13407
-38288
18440
-7747
-54850
-37468
22084
33337
-82348
86597
34865
-98055
18398
81823
17725
58386
-68636
48149
76473
76723
-95998
-46789
-47369
-86240
81724
-54196
27250
-49901
55870
7172
-53558
-48614
-94334
22045
82001
88743
93846
-18401
97883
63612
-34021
63311
-35746
89231
-55348
11017
87866
17641
8268
35369
-37715
89223
-78915
-83506
-19426
39401
-28203
5651
-48060
-37136
46819
98461
45320
94291
8299
-98271
-88184
14039
-75202
-68914
-49479
-60245
-76770
-91511
92592
44859
48496
21544
73230
33690
7944
81076
64312
-98840
28853
8225
16842
-99873
-24744
-29881
-78810
-29091
29817
36448
-64244
-23483
18220
-47755
7702
-37783
-51609
49393
-55141
-18840
-16840
-29197
66460
29143
1639
-92630
-50260
44990
-98780
59090
95519
-33839
-72107
10640
-30446
66628
-83325
92574
18915
-77686
32342
-80141
64869
-42690
50173
-75523
-48109
-19940
-24884
-45081
27082
-26965
24127
17888
31601
76868
-81029
80256
-50767
413
49231
29772
-67617
3452
69475
77020
7977
-64307
-83331
-32631
3326
73741
8784
64894
-34105
72443
39155
9136
-95593
-386
-24551
21176
-17650
84955
84820
30414
-81233
-12993
13190
-92930
6864
-35742
-78934
48777
99868
-95492
-15697
4535
-56785
18463
85799
63969
81726
-26939
-10565
7627
56448
92509
62317
30706
86929
10277
65323
-50208
36656
-82552
45028
22005
-51848
45338
13088
-38238
40021
81723
16956
49653
33088
54327
-64435
-89540
-5372
90168
-90726
-37076
52473
36636
97750
31303
13722
41830
1179
17980
98924
24642
-29825
-42248
-48377
-88451
3633
6314
40519
-14360
46328
-73302
86564
61655
50026
94361
75962
-2410
34887
9669
79327
38944
94996
7537
79768
-10795
16352
-89457
-50662
-76446
55412
-48165
-96500
-20160
65637
-20610
-21934
30619
-33498
-19160
-37086
-45693
37289
-34587
-30592
51242
-41143
-27156
19088
27516
57064
-88133
61210
-56074
-30925
-63149
18413
78679
86276
-65858
-16729
-19984
14757
-15356
-66387
-49715
17207
67173
78749
-60745
-11515
-32129
-51507
95832
-22863
74793
28637
35696
68900
-11614
56386
63683
-82836
7923
68436
-64131
-25421
-21682
44007
77894
-59886
-67647
-9598
67249
-67725
-85687
-73233
38789
98450
-57617
-12678
6262
-40686
-4208
-18444
94921
-10064
44966
55704
-66064
5143
21797
47365
48935
3263
-72024
-51924
-41327
75746
-21231
63677
42280
88453
-22773
63239
-58833
99656
-65182
73041
35143
57680
-3453
3415
84070
71416
-35244
-89358
69020
36249
-90525
-15016
-75412
87102
-98727
-7836
-21987
-75220
78377
68034
-57708
94225
-48193
-82826
-35748
-53790
-59044
-36084
69028
-23964
-12702
-53956
-84665
31396
4661
-3363
-28940
-44162
-87112
90911
45118
50267
-81700
32272
-97844
-67551
79748
-33954
-70447
-2080
-60037
82340
87931
58274
18102
-59218
84479
-58848
-13848
43531
89194
-45661
54123
28941
-35991
57063
-63692
-19426
79077
85152
-48238
-73486
-38791
15467
-46878
27361
27098
68592
23039
41840
3150
-86068
-5110
-76866
-86499
48592
-50160
-46273
24300
-42791
-92764
-39664
-81813
6194
-32964
4858
-26301
8877
82074
84094
-67535
-80994
-32508
21254
21931
-8281
63512
-29509
-44209
84115
78173
38824
58819
-81210
71933
54449
99648
9766
-32616
5301
67163
19739
4999
39864
-43299
96921
-98626
68718
-83179
-31345
76081
12137
-37577
31920
-36496
91497
-52386
53750
-98061
-35725
-3878
65454
-25517
50021
48394
61281
-63341
41585
95527
-22733
-4339
28126
-99368
41200
9026
-58608
-39897
-31069
72109
-93327
-51819
51366
-78109
-88393
16221
-19783
-67996
-36931
-57526
94012
-64232
40885
93341
-8888
21999
30225
36157
-44043
25582
-73463
87964
-62275
67594
-95750
-46019
-42194
53404
-3451
63196
-34487
55743
-81821
26117
-11188
1197
-97727
12496
-29366
75964
4742
35609
87229
31619
-98894
99837
33079
-19284
89251
-53986
63525
79733
-86523
51125
44842
70966
85330
-1372
40679
-21569
-80010
-38469
-6071
-72873
-95204
-62059
33362
24033
-28565
-78642
16118
-15714
-24137
71512
74856
37020
50375
97879
-38434
-21209
-94759
71187
95455
-91483
-80321
-66024
-79262
-57798
-74487
42309
-4984
-34032
37278
-74221
-82533
-58280
9331
-35229
91298
75131
-81547
57964
-27200
48161
-15888
-28014
-51921
22374
13170
-9479
-19984
18892
58151
14431
92706
96405
-38707
29547
-93833
22528
86850
77217
6079
-44344
2348
5739
-77409
86353
-25221
-76975
99545
-5711
-59682
-22166
45419
45079
-69264
53100
-36784
17287
11719
-11156
38620
-39911
-48149
-9881
50927
64916
-13583
-32698
-36297
28914
-96255
-60736
161
11906
3175
55212
-17241
-33834
65596
35592
77044
-7361
-94542
-70956
73904
41761
-54428
32578
-28193
-66727
-28567
54796
-74706
67476
34944
-65869
68660
19988
91903
46115
-65993
-63853
93279
32188
8846
-17903
-62063
44823
-66724
50100
7235
-72580
-25567
-4103
-53432
69330
51375
-89869
-78442
-44377
56712
56855
-33270
-86506
88186
-97493
17589
-60412
79583
-41972
49188
-38252
73437
99992
3100
-79308
-86406
25501
-72832
-49232
47610
-32924
-91503
-92550
-47137
59113
-40210
-95793
89460
-1263
87551
26022
15364
-14344
52463
-52055
-61285
-55102
-66064
35275
49900
65677
-25455
-25249
-53488
92172
72820
-35056
-55950
50362
-19328
78758
20885
-38259
10659
-23414
-88806
-99783
-26610
56498
-38133
-75525
-3147
11928
50572
-62455
-70204
67694
48263
46701
26446
49444
-10287
13243
-83016
7491
-77165
35581
68547
34011
3063
11063
5551
-26923
-53507
77996
-96871
60265
-2286
38612
67046
51701
-65095
-13032
-37601
57971
36960
-31806
83431
-91622
36368
19245
63
-11515
-77349
62670
50770
93932
-26839
-95862
5740
-50152
39443
53170
-23590
94236
-19994
39460
-7122
-5202
-10205
-24859
-82189
65062
-41092
-54011
-59847
-16134
62652
-49708
-2789
79530
-96948
38888
513
90890
-98827
-95497
-89949
89457
-1990
84483
81295
51224
-94693
-58462
67981
-47847
80601
-40287
-96126
19612
-67851
84433
-88010
80885
41745
94587
-66885
-35842
19903
-38827
-48342
18420
38096
-55018
97621
-78528
-10236
38394
-26226
79737
-21669
-97643
97694
68264
-44043
85216
13272
55430
-26616
65289
14663
-11665
99170
-11630
30088
29919
98114
76113
-33396
8087
58478
1511
70607
-60401
67009
-80675
75259
83605
28907
-68083
86489
61139
49682
-89553
26931
-21366
-80330
-84030
-43938
-9873
-46629
98422
37101
85109
88455
33706
47507
-36769
-25609
-58226
-79276
78064
-93669
23780
-17827
96838
91363
-14291
-94873
-24300
-65896
-88923
73668
-57359
97146
86804
-91963
45097
-5380
-83155
87462
77803
-97122
13834
-24785
98733
45781
-50298
43956
9403
-74860
-51908
-98052
96993
36178
4963
-95598
-22082
14586
41484
-35826
-37908
46920
17236
-98684
47493
-6442
-86995
-24569
-29439
32892
72024
74544
-28219
-58993
71970
47968
-36258
-21262
-62873
67117
-30409
63072
-93262
-52611
-79763
15746
19302
-18564
58631
-37075
-60622
-5424
-70643
-40874
91184
-55828
-36986
848
-88156
19961
-58989
-89895
88274
99589
67529
-48591
10602
94865
-21397
29673
88647
70625
10147
33001
64854
-84946
67315
48366
-65104
2133
2775
80632
73436
-55461
78393
69556
61497
-66465
-11080
57564
24018
33640
13330
-69097
61546
15570
2892
-53304
98997
30750
6598
-203
42778
31499
-11763
10319
-87662
-25193
-36576
-73257
28140
91371
79708
-23891
-57006
1583
-6066
-69911
13634
-95372
-28783
-7220
-11694
68664
-90516
-6540
97657
53351
-27930
-4217
93669
-85665
-6016
-37750
-44820
-58429
60580
90943
94078
-4442
-59346
-16332
94366
41444
-7917
67532
69290
62664
-32666
94730
-4520
400
64864
23397
-99240
-83905
88231
15601
41897
96479
-17934
89292
-43332
59389
-90630
36088
16844
37359
14206
15405
-87148
81057
-94600
-90998
41597
-90310
-82669
40794
78639
-29196
-75404
-5613
55343
-90586
-41871
-86203
77339
39940
-73238
10035
134
5513
57173
-94654
61301
-31713
-8756
61276
-20054
-22309
39034
18115
15906
28477
-12588
-99857
87879
82922
80428
-20504
91844
-95539
-61031
-63269
-24588
-96452
50775
-72698
39618
97354
62380
-98967
32027
91625
52266
-1868
97050
37050
32606
81869
-89880
24171
27813
-59134
-22255
10863
9096
43233
-61331
-65525
123
-68020
49405
27519
-30905
-46449
91198
39080
6156
-64110
37799
-78508
-52128
59023
-91915
69900
-86580
95673
-92923
96774
-83522
67578
7064
-38787
-78349
27124
18153
45490
-86829
-29645
50821
-25006
41263
60060
16888
-22057
-16275
-58315
37206
69073
15436
72944
11963
44813
67657
97524
-12426
55923
3517
-37820
-95856
-54679
-33409
21726
-84594
2924
-88161
-57764
73071
-3709
-65452
91021
-17700
29409
19278
78468
-50469
-69208
-63936
62133
64349
83445
99696
87726
-73797
-31703
47216
41387
65674
-66399
-71891
93875
39620
-10046
-15391
82314
-78789
-46970
-31819
-13411
-36510
-83359
-90948
49205
81875
-89056
47227
62089
-32056
-88714
-48646
49910
-59543
-77700
-95680
60050
-8251
10746
-2612
72052
-48535
-61142
-72662
-5636
-32165
35866
94679
-64539
66189
-32394
67836
37496
64527
-85355
-31140
-51374
-75631
53765
-40120
32137
-13378
35308
-28518
-70606
-78020
-73021
-68096
-91678
30836
-22724
67912
46950
-39813
42705
85286
-63550
14479
1166
47815
52627
40334
-51443
-29675
39872
-99128
-33358
-29120
47320
29437
28982
-13659
70558
63212
-24923
-26079
-2141
-15244
33564
-96392
78132
-70070
77297
-36345
45385
-3588
-37980
60808
-61847
10565
-56106
50036
39007
-28165
28786
-8789
15215
17402
-29795
-42095
-14698
74965
-15076
83980
-11052
91841
84070
46631
-75719
46208
98583
45664
10075
-23063
11239
39176
-66798
-92338
-80316
59737
94041
-25644
-793
97569
-27819
30719
48038
26936
12610
-40368
31177
-59160
4483
-98225
-70172
-32094
-23394
24352
81640
1584
-2090
-60235
-17389
-65683
16712
8496
-8610
-92645
973
64617
-88718
-40519
36016
25535
-13870
70060
40822
-73580
-5401
94429
-81365
77822
-38944
93027
-20798
-15139
50022
93699
39304
16600
-32471
-64564
44734
-38393
-36310
-34804
-29743
-83961
14555
63235
62900
-29089
47051
11197
-29284
-25456
-82750
-55543
44984
-94831
-3118
60194
94983
-13643
-53092
-12963
-77675
69617
-3901
-41529
77090
51687
40300
-66873
-96253
-6703
-52660
-81020
-68080
-75697
66146
79912
33014
82940
-31330
93063
-16627
-95007
-40267
59771
38272
-8303
-46875
11474
39462
45281
46134
13412
-49879
10631
-16813
83207
57618
42204
44938
48336
-52159
58425
37587
-91971
-18786
-14071
-15194
-27760
-12420
2162
87301
27871
-68307
-239
-50773
47236
95982
-39197
-13792
76664
51804
60620
-47549
-92960
37980
-53409
78650
13056
55068
92636
-96547
-50697
-56879
77130
17391
-7585
-49768
84731
96636
-13721
40169
-61232
98654
-49093
-3552
-49876
79087
81124
98606
-18706
21103
-33449
13858
-38361
90744
69377
-84393
73296
-56832
84183
-76966
23235
91904
-8486
-37222
11209
-82742
72033
57330
-83709
97820
-96163
65500
58373
-836
27689
-74405
-85787
-52637
-40597
71297
-93957
-66089
-55573
-86225
71612
3125
-48826
-64902
28216
-78296
-32793
-62105
46421
61044
-9181
15255
56815
39151
40648
77028
-92477
79286
7159
51867
27318
53353
33065
83628
54165
-16360
59937
-48133
-92920
42685
28605
19103
97313
-32639
-1129
73056
-8610
-48328
31011
64947
11249
-52600
89129
-44688
47796
-66293
70329
48519
9835
-74820
-8388
-6062
46754
-47525
51824
-29907
-98947
-18190
57140
-18123
-13482
-79700
48849
-50194
-5237
97678
80318
60244
-55726
27377
-99877
76540
-27084
83797
-58168
-31538
12723
91184
96219
38944
8007
57556
-21114
-81067
50591
-47886
63892
16193
-1733
-19828
-83900
-83226
64146
16700
39262
96251
11225
-78780
94783
-1542
97292
-93704
-46886
21844
-71835
-27326
-71190
-51148
42426
86765
97445
80900
-35601
-41929
-88784
63602
51283
-19489
-25586
-59732
-2531
27152
92585
-57272
-13559
-53128
16626
26780
72529
-26535
29402
-51371
71975
-47115
35078
-21827
51654
75141
14081
70836
-71252
34869
52444
81551
14483
41746
39151
-76356
29131
-19433
-28795
22030
-64656
-96650
90133
4446
59015
2783
-26739
41963
-92147
-87552
-22087
-68759
89001
-62296
-16340
71168
72425
35122
70918
94146
68807
-55470
-84722
-8061
-26429
-83508
-18162
-79423
52545
4181
94288
-52239
69808
-93537
84386
89797
-87442
21518
96121
-214
32430
-87422
83668
52693
95510
-20393
-62972
-49935
55916
-1883
73361
-31528
91742
46926
-25665
-61226
-44086
-2432
50991
85505
13966
87379
63804
-279
-85268
-89320
5362
4141
63691
12587
-93043
60803
12428
-89018
-16135
75716
-53107
-67662
-4439
-67380
-569
-66299
64104
-43891
-14584
-78538
-51215
9982
56087
11762
49350
79499
42244
-32141
99051
32629
28211
20000
18878
25158
62642
48
91357
-62053
31897
67077
42453
84037
-66527
5118
8596
-80220
-4234
-37865
-69420
65098
17124
31575
-67721
-99861
-9154
62715
79421
-21468
32016
-6668
-75614
64873
41568
-15512
6103
29142
-37681
-16684
5118
-76848
-85344
8231
-45975
11439
-9710
-97044
16503
-63702
29877
14098
64952
23887
-43450
-47728
5507
-16643
-69191
-66739
57725
15460
47740
71918
89154
58290
11754
55299
-98833
3882
-26684
47833
53203
-15713
41793
86368
-98110
78483
43029
7248
-3695
3455
38350
81737
45581
-86213
-43701
-79747
-11726
23521
-81864
19834
94508
17740
-5164
18919
48311
-34262
-96808
-48683
-62816
29781
-54644
29756
15764
10167
87986
40962
2964
-21898
20782
-13281
38414
-47105
-75475
27442
-94268
-21532
-6753
-39960
2250
-84851
-9430
29972
17633
71980
-40063
-6444
-4094
-46858
-74207
55824
62201
60377
84429
91188
16171
27061
-76961
88131
42262
5567
-34763
72445
81241
92729
13845
-32000
-30768
85357
-3204
-12691
31826
-56384
24045
4580
-10167
88371
-87538
87002
-15413
11256
-91864
68317
-36655
82203
-65214
-53248
-57503
75496
3386
-9004
68154
71712
-98424
22718
-27030
-18062
-96651
46555
28963
74510
-60930
22794
47944
7516
-33458
-84425
-26310
7554
-46444
37251
-41892
42259
-69953
54045
-79233
60813
90380
8933
-62641
63612
55010
-77536
-80614
-3985
31789
45881
49474
82934
92889
-15616
99824
-54344
-30680
-39672
5620
75413
40778
-72211
-33817
-29044
-33151
30930
-29047
-24984
94718
59636
76247
-79582
5882
87669
-53771
-64191
30765
-28016
-73051
24182
-13125
-4922
-91455
32562
45254
-87859
86573
-30388
-39695
566
-2224
77094
-94290
-42344
58576
75042
-70797
4605
18921
-14165
-70985
28627
89671
-53260
-36787
-72984
-13879
3975
-53374
-21564
14419
-38477
86959
-44451
44141
96
-85201
20220
-66236
-97456
62214
-86240
17702
-40961
-99904
10770
-76346
44794
11435
-31655
-44489
31532
-51327
29040
69815
27640
52223
92154
82429
26648
-46296
71190
-69433
-24693
-57623
-65231
93202
1090
88263
-55974
29401
57659
-70038
-6243
52400
-2962
-54984
-53809
-43864
69539
-5721
96875
16569
-9673
-89990
59658
63031
-51792
18332
-59312
-60425
48474
77343
14099
-16712
35183
-98075
-38121
-31805
-87404
-29160
-92468
15548
-18797
-26989
-50243
22790
-22720
77796
71618
-25577
24147
4874
-50080
-9153
-5841
36692
-46305
92705
98026
53644
-7536
67390
-22259
-59507
-95294
32627
-55519
63119
-82733
36683
-59676
44132
79065
33128
-2859
41610
-80618
3420
-51531
-98410
-53660
69281
68128
-95489
59727
80511
58509
-63325
1178
-80139
-98341
56246
-22438
84183
-98785
-11961
-54919
-5883
49514
84994
-30253
-9243
86914
46096
-77719
21816
-75600
51293
33671
52101
50062
-53964
-20288
-61327
18207
3096
1095
-39082
-42036
-97771
29981
-20430
-56489
-16749
-16420
-78755
95492
-7595
52069
37106
-93129
-19012
-99990
53789
-40011
-23234
-95430
44370
67678
-19512
57886
98803
-74967
98653
10687
-70908
-58765
-89711
-49654
-68880
-34170
-45215
63692
-79632
-22913
-54484
52976
97677
-75592
-49575
-10470
-94541
-62030
-83305
5025
-39408
-56054
42105
19908
-51015
-99661
47453
-10570
72654
72021
-23155
-45841
62483
773
-13695
-27182
59236
-12366
-71053
-99985
-97872
68766
22146
-33768
44863
-55685
86642
18105
-72767
-72733
6004
-41133
-8024
79986
77927
-77640
-58573
33348
49503
82349
98442
-32578
-26055
-10412
-20401
-84425
-77489
-22162
36893
-4678
27059
16903
-66835
50498
66717
18262
64782
64425
-67495
-28037
-43476
-30362
5104
62731
4990
-30392
-57005
47212
61043
-89614
-17138
-15466
-5423
-36153
55514
49881
88146
-83061
69303
-55647
44224
31450
10953
-67701
99959
-97217
96319
81517
33836
72475
-48612
-11917
73566
98449
52398
88454
-1219
-56345
79403
-57174
-28606
52453
-60188
3772
42629
20923
-19885
-16397
34198
-82608
29923
-23160
-22835
-15957
15893
27051
-7073
-11008
-75212
88014
50037
-29625
66072
68213
-88583
20758
45247
-26991
83810
-99907
-78348
-17438
15770
-30629
26426
74487
12000
-31322
-85109
79582
27335
23489
-53632
-81088
5224
-36788
15767
-58932
-8558
74024
-18524
23344
-24487
14668
-79124
-50975
-90960
-86842
65654
-47141
16792
43369
15981
-57513
-955
28436
-46030
59553
-74757
71668
-17837
79586
-18423
54005
37477
-98410
-82186
9113
21790
-14906
14213
39484
39627
83577
99764
97394
10602
-22816
17684
-1858
-24378
-84264
32917
-97976
-26431
44975
-42570
68260
-71550
-30734
38666
28909
12327
-19998
-20233
60857
31670
-26246
-699
-37308
-40996
7678
36706
-80282
98991
26529
5430
-7378
44218
-1084
-61159
-4951
73143
-26137
84969
-94891
-93474
-84981
80287
98509
-45265
-97855
74801
-72389
74943
-6323
-17118
-10401
19038
-80113
-64609
-56741
602
94907
71927
-80628
-22478
-67971
-6433
-78047
56053
19282
1287
-51288
97458
91784
-74546
20996
91733
-50510
-39707
51464
12067
-53628
-61838
55488
-29785
-34724
34567
-99990
-3156
-91096
-3268
99070
14891
-33302
56344
40708
52009
60120
40935
17082
-51547
-30920
-77626
-19021
-68694
63231
96262
-99893
-54989
98782
96460
-13801
44451
-9475
-57523
86127
-45542
-5807
48546
-74390
-91623
-93527
55614
52648
99255
47795
61922
90410
40975
38325
3816
-43743
62297
-7694
-3058
-84862
17773
-92589
65245
-11377
-46637
-92817
-76366
-47787
26014
-27462
28604
45215
61604
-20887
-92259
-99431
71747
-47865
90652
-80537
-99667
-45341
89434
82067
74336
-33294
21319
-9789
62449
398
29147
25861
-80624
95856
2897
24904
-12771
1774
44579
-89473
-53894
-26067
-63260
-62519
82452
-14057
11522
21799
38303
-3134
-29507
-21331
21212
7868
93792
14588
33211
79680
-79736
-28965
94440
-43385
47716
-61737
-14784
83589
-12835
-64887
24871
72056
48005
-40608
-2407
-92092
-29290
28468
81249
47917
-24730
49147
10693
-38050
-46370
-72378
79426
51429
-62638
-1176
74006
79649
-55810
-14266
-36669
89972
-6715
-7175
78459
-16411
35122
-11836
51807
4474
-80615
-35322
-21287
-30254
24445
37227
-28180
51953
57267
-33037
-78499
15601
81784
-6159
-40400
-46507
-47055
-26472
79409
37022
64210
2078
82411
-9400
-9937
80019
46457
-73168
61607
91355
55492
56775
63682
21841
47487
28140
-59182
-49261
23611
76396
-45867
516
-11488
53651
-35719
-95108
83582
-45619
89991
-25124
-97380
-43792
-54770
-88552
-22616
-98846
53084
83206
38954
-94523
-50502
-81968
73172
-80157
90773
-54807
-93674
-10567
-65671
35903
-96019
82265
8738
-84937
4588
-71343
47905
61403
-36406
-24071
67486
42526
-64954
-42139
-4252
-27077
-6069
-10075
29631
71675
-52259
88891
-11213
-38795
-16852
70107
-87399
11152
-13753
37933
-8091
-99490
21455
23381
74527
-47446
12277
-93335
-40997
-14531
-55372
-56608
-77259
63101
-89437
11592
97564
-77023
61252
93208
81013
7463
28461
-45361
-4010
-88165
696
60860
14250
42288
-76848
-82350
-57044
-19027
-60951
33105
-77527
26370
78056
305
69236
74150
-62380
61834
55446
-94210
-67642
57874
72798
65393
84981
-26775
-806
23992
9791
2553
18321
-51085
-87219
73717
-78194
44661
-28197
-38915
-27784
39612
71513
-75844
3828
-42811
98062
-20377
45006
89836
29776
-15762
-20768
-35498
31350
88558
-39052
507
-57170
81400
-36639
-97316
-83904
-4820
-21245
5665
6990
-13931
-583
-55329
-92760
-99397
64836
-87902
-84827
-52695
9253
54503
-76161
42013
-36566
28999
-57363
-4347
54039
-47538
-71910
97954
-63688
-46700
57396
74345
-25953
6538
-40145
45737
-36987
76298
13259
76017
9783
62955
94963
69787
-75146
-61243
-42255
92025
72520
32539
-96476
-81136
95637
54792
66274
8163
62902
-69801
54330
68303
33011
-6668
4035
25262
36234
-95435
50959
-45160
-22210
50665
7175
63808
47322
-14103
30616
-19126
56109
-3530
76245
48874
19401
-6887
-97310
-44198
-47167
-60246
-38640
27430
-22808
63130
29006
15231
-44208
25875
-97113
23426
-49324
-92305
-30979
-73842
-32452
-84532
-43304
-3354
2290
-80371
-24407
5459
-72056
-43639
98973
50987
41632
23901
-56138
-20133
-86131
61929
-48269
-79150
-49118
-50665
48234
-83026
58097
72685
-76218
94753
94939
67645
-3303
29192
18767
-93163
-45305
5596
3251
-25471
-64954
-2238
-84022
-51896
-55873
36452
97726
98208
92523
60198
-2317
-8613
-69582
-37154
-50127
-85238
90704
-65715
-4056
-94223
76430
12543
3613
83058
-16972
77419
98342
30301
-53441
26882
-5678
-7860
-82886
14689
93425
21009
-44987
70194
-12056
-6887
-91844
-15766
67438
98949
92481
8117
-19959
57990
97123
-13925
-4054
58008
60324
89614
77237
-91632
77562
11672
52280
-77856
-47481
-28108
82407
-62737
-93934
90658
82252
64566
3995
6217
3279
31230
74358
-53106
-11658
17548
-10972
-97758
-58040
-41295
74265
-86150
26418
-44449
-8286
28603
-51877
79216
-49733
-3711
77992
8375
-36587
82748
53745
-76642
-46326
69837
-4088
32195
-32936
-59009
-56275
-89151
-93088
-38386
22062
-90308
-58941
-26674
79633
-75268
60759
49559
-33141
3097
48191
-79071
11705
-41589
65785
-60613
-10551
-20813
5066
-45410
-41959
89312
44207
64282
-99398
85975
-37508
62394
-40794
8601
-93976
20404
50443
-98767
456
72202
-74304
-54731
-12395
-33995
74934
10692
-5233
-30719
59300
95798
-48970
96575
854
19961
-8823
-70468
-53903
99386
79929
-48087
81999
-68987
87806
5122
-4681
-15252
-38161
-89409
57135
34082
74372
-7556
41438
-62916
-33565
-53394
-79058
10606
-42950
22987
62527
-40873
-47968
72389
19636
-10974
51445
-39778
-89507
-3477
-1602
-49296
32018
21759
14044
94438
17439
-84424
17371
68851
-86673
-51181
43112
88771
-78235
-29437
82662
45007
-36777
-10405
40324
-90107
-84725
25274
28245
19864
-42035
62194
1175
-37902
-66030
-21687
-96214
50208
-56880
52365
-44641
1933
59592
73125
11861
27014
80633
-97348
48406
86838
-93576
75530
40343
2491
90092
-10616
-83616
-81331
-12660
64965
-5764
-66696
-65415
8500
2795
48827
-91920
91529
97381
25606
45899
89811
-13512
-17001
20544
71551
-3102
-35449
135
-98221
-43141
-61972
-71906
23856
61990
37955
19989
59435
52604
-62962
6287
3854
-68742
-31310
83245
58593
-58181
-58713
20629
755
95459
3722
-25812
57544
426
90097
52843
-1381
-77315
-79055
-37350
-10405
37393
-16265
23691
-33436
63706
-49993
-76579
-7245
-41840
-20653
-34322
-33428
-69959
-29787
7477
-40662
-54518
58647
76948
42752
37036
-96635
2492
37520
-35537
-17280
31534
-70384
25105
93522
72661
64663
-10034
-48503
94594
-6787
91585
-80430
93847
-64574
51990
72790
85578
-5058
-64848
-18923
-71420
-60538
-40641
78
21910
-71820
-47406
-2291
-49151
-67747
-69337
-86546
-43718
69555
6079
-47076
34822
62858
58328
-27097
86851
30394
-96975
21589
-54960
-52174
87607
-19237
49707
59587
-37623
53871
45045
72137
63450
10736
-43846
-46963
-26204
48911
10249
82274
-57079
-92301
-85166
-6743
79505
-12706
33792
47942
91497
-63679
70841
-45714
-34780
-16506
-60378
1624
-70803
-29620
-9629
31669
-13094
25166
-57346
77423
66226
-79723
-80825
61503
-77019
37395
33171
-30458
75341
36095
-72241
-50669
18705
-64831
-53948
75588
64453
-58978
28762
61899
-10229
-44009
19763
-25454
-19606
-82926
61476
77047
75079
633
3780
-12150
-97657
89740
46301
-77970
-5389
41940
54010
-61423
-24352
-48872
39517
47832
-61257
89088
62374
-94151
50372
14869
77114
37388
58930
99800
7541
-8382
40297
-99967
-37819
894
13039
84578
-22101
15616
-76726
-21432
-29969
51823
68131
37614
-77080
-5202
80613
-92166
92881
-70394
7540
-13623
149
88844
-5857
-90940
83590
66561
48963
65119
-10721
-86811
-82957
89484
-57532
28417
25746
32901
88306
62919
46287
-77100
44762
20894
-50820
33629
74578
79972
16776
-93723
-2108
94660
95146
-40876
94976
-6437
-88856
11262
-52736
14363
60629
-69966
28241
-58991
24926
-8181
-59892
15594
-62396
88582
-79320
68638
-97336
-2750
89129
42207
14604
27090
-61786
20650
-95944
-18831
-44884
-43584
-24315
-4046
21513
-40376
33496
-15980
96643
-47895
-41391
42448
-75522
-2912
-6585
20887
-97598
-30247
-92156
-59430
-97495
37819
50837
17448
55408
40315
-26748
92858
-97805
85893
87439
-87027
-10958
-23745
99657
61702
44331
8457
-62105
32577
-22473
13371
89565
-4640
99642
310
75352
85635
-27974
-33082
-37452
50312
69442
-94954
81794
23223
88450
26716
74680
24947
87176
38166
70305
-55139
-80705
-1107
92641
95742
-99920
18663
-80172
53068
672
-78672
-66850
30360
-36017
47378
-20367
-41387
36120
59487
-32334
-87514
18891
-56426
36376
19813
-3852
44905
95679
39861
-65135
74865
-54781
-61646
-31488
-50332
-62264
-50276
77851
-64102
-97269
76819
-76770
-62093
70107
-99284
-41358
59235
-27674
-66157
13980
6233
26087
3496
26520
-49542
90195
-90369
-69719
-47210
-45965
538
-61671
41743
-56305
28328
55368
77583
-36246
-80535
83287
-42428
63001
-61846
51627
-20660
-18593
60864
-11884
-80976
21874
19726
-71624
41473
93500
-4143
25457
-43333
-74730
95058
77276
-76420
24260
98137
92571
-7990
79601
96233
-64717
74172
24008
-84753
48043
50809
-55645
18688
-86967
-7262
92119
49869
40843
-42737
19889
53242
-77257
-37304
-83127
57605
-49595
65236
9265
-78806
74960
15296
-58054
46420
16966
53384
578
-20949
69452
-65016
46910
62237
-58592
97043
-98597
-51987
-48853
52150
86736
-57310
-47863
22469
8464
-71416
-58276
-81109
56227
-62954
74588
-76169
-76599
2427
21506
-23233
-40579
29798
82038
-32166
94908
-64551
95959
-30410
-84027
23315
-42839
-72445
30472
2275
-40831
65809
-24380
75295
24094
23605
-16498
-65325
49851
-98125
98322
95836
-94077
24405
-20473
99698
-92630
-69502
1327
-70682
20978
-86233
-70418
-34533
-89961
-1568
85765
46938
-95783
-85480
-22667
-22483
36372
-16071
-80953
91418
-83789
-3425
-41288
41177
-55190
29117
62453
-74725
-99094
-66643
7171
-51916
-2785
5892
-94973
3910
52428
82451
-21997
58277
-23301
-98640
-34824
-77429
-34309
67291
-10247
76952
2902
35246
-87330
58550
-73284
37225
25125
-90021
-50364
40257
-24148
50458
27142
22978
-79832
-66911
-10754
-27918
-31965
-94160
56150
-88242
-31311
-80964
93132
10379
68540
-59107
97432
52333
50279
5113
70252
52308
35485
-78917
-50184
-17550
92244
-84080
77925
53264
90177
-42361
50361
90525
68609
40409
27053
-59230
5939
-37288
96071
67118
-60708
-52726
-40151
-47330
39458
6755
60823
-27278
26564
61951
68059
77296
-57724
-65938
-5029
-25
79790
14029
63383
-40445
99182
-88690
-21941
94581
-61287
-7145
26101
72968
-95987
-11980
-18580
9973
2174
-11163
55676
-2037
53938
-86161
77042
-33379
-86678
72732
-43612
56979
40342
-17767
58926
72743
-35078
-82971
29889
23249
64582
-32271
-13355
73708
-34178
89637
-9674
-44383
-65996
-58179
-97411
-99075
82971
-37473
80668
32954
-21687
50852
-80292
95408
53688
-99104
32379
-14740
-93135
-65321
78164
49849
20304
93145
-54283
68867
21005
84396
-66502
-44108
-3601
766
55380
33707
-48231
18171
-78970
84962
55202
63880
-32349
24168
-78426
77525
2055
-31547
-48563
63692
17920
1811
-67322
-4941
-39699
30629
90635
-19274
-89009
-37507
-90561
25464
-93405
-85146
1552
42884
18326
-57976
42821
-92563
-25105
-28519
34603
69627
-2732
-87034
33517
-85610
-6277
-25988
59371
-22113
-47359
-28010
-44075
-94242
46857
-28631
-70877
42928
-25452
37898
-13052
12514
27918
-82386
99336
27472
-65095
22282
45264
-61394
66508
62657
-22871
82989
2921
-9664
-21028
-71712
-97127
-4636
-8297
-20916
57724
-62466
-84515
43601
-16064
66363
-36137
-61655
-93951
53460
43509
56924
-45218
-75298
-5114
21268
-33967
36703
40367
3065
34402
72479
-17792
96075
4911
-32208
-90757
1238
59888
4515
-17417
-17297
-36002
21598
93738
21333
-94670
-47681
-90412
-49120
-19239
46322
85179
87566
53024
-10580
67410
36920
56232
-17966
9578
-68554
-93307
-33145
-76667
26740
98230
-65741
14038
-41720
-39296
91851
64765
-51460
80692
84865
-85887
-18788
20464
785
-59084
-63557
-46394
-50860
63905
-98723
-82619
-2871
-71003
-28205
-13390
64962
-51776
-99671
-82177
-28652
11792
52352
-52414
79115
82641
-57148
23447
71180
35929
35922
55850
-16247
64767
158
15887
-59877
565
-20076
83023
40745
48940
-33282
45938
74255
-6888
61649
53509
30339
71981
-93661
-59020
-90265
35393
32866
-35088
-49976
48450
-30898
-53508
96881
-59684
78004
-40076
79112
99672
-70333
-15139
61686
4301
56315
95481
-40823
-8755
83214
63459
-19596
-96445
94800
-16271
-25245
-54031
-91151
-58482
78253
91641
67674
67904
33517
-39060
-18011
-8605
-72964
98290
-66700
30486
-5700
33595
-19646
55390
-1728
90083
-32420
16469
62359
11656
41616
-82519
-83187
58936
-11844
27054
50511
-93634
-17572
-66420
-20626
31452
-29496
11636
-36631
86602
62438
-6881
-29078
93373
-64109
-56157
76806
22710
-63958
15514
-37965
12263
-96758
-26777
-80707
86052
-47205
-7651
-46515
74888
81404
13279
-68321
-34739
9117
98278
-86121
25343
16922
97443
-74835
3939
-73284
-2763
-88588
41784
-78402
73073
59204
-38236
42008
-50788
-57756
-80082
59364
54341
-49563
-17669
66420
-21538
-65714
-6204
39724
15431
-32304
-66476
-23171
-44199
-25341
79894
-60796
-52602
97152
-20647
80853
83177
-26119
-27880
87862
5666
37725
84143
-90037
-72947
32882
2218
67368
38836
-62035
88650
-32276
-68467
-56671
-16724
12460
-74086
61634
37463
11726
-33220
-3192
-95923
79051
98198
-35259
36144
62649
44102
-78620
-58466
-89886
-4420
22086
-53139
91898
-74347
73680
98384
-79290
-7968
67628
-6595
94804
24442
47445
-92914
-97801
45785
55570
-44190
-76772
92619
72896
-81346
-15271
78548
-40321
-99296
-53575
23607
70240
56119
-9284
58009
-20714
-70370
-19832
7692
84085
-87463
-85431
27385
48614
30688
-11017
628
8911
-86634
91620
41671
-53257
-58779
-10375
-30723
-25883
-60
-48535
-84732
87816
-58103
-52252
69672
-31465
75969
29761
71302
92545
-52815
17277
25430
-3513
-16986
-55405
84593
-50671
93045
-59880
-48822
52049
-92163
66014
-17084
52961
95160
3910
-47003
-36764
83535
71745
21376
-20577
-29507
-64580
-99231
47357
-18582
-11185
32474
3007
20311
-96197
16874
81614
-33014
18024
719
-15000
-25868
-71529
83099
86365
-59226
38925
40342
-7321
73397
-89306
-56230
-71321
13423
74317
18553
-76545
-4875
26862
9338
39544
-35150
56842
14188
30744
92415
-64604
40862
43691
43130
-30864
-68440
976
1282
-52172
-17645
-93924
-79466
8308
-36500
-20683
83184
-60245
-19717
-46002
-76252
-65225
-9939
9918
-21415
97470
94613
88600
91989
23785
-29559
74380
39615
45773
-3600
62670
68375
53302
43828
-83394
65710
-27489
75386
-32569
34104
-52213
28163
34067
8546
74929
-17832
69281
29937
-10815
-19360
44934
29553
-65799
-93726
-23288
41716
-74285
-49657
8932
-52152
-83508
47847
62009
-58372
-88286
-13810
-96565
31141
22486
-33531
-3776
-65637
23482
-31271
11360
27964
-18016
-69421
-48993
-67442
64498
-89711
79054
78794
87076
18393
-37312
20711
-89636
84209
22135
-81381
74782
79585
-89950
28994
42326
90579
-66107
-6713
-15921
92896
-62315
-50915
34325
-47877
78622
76258
-53835
-12073
-1206
-19465
-95211
30050
-11203
-16257
9351
76270
-14333
29915
26570
-22012
-69817
94476
68369
49747
42213
91428
-88093
-68777
-23605
-92419
-66297
51090
74317
-9305
27339
90035
-91932
52272
59304
-25896
-45439
-20058
34312
62801
96234
-22404
69079
47181
65289
-51517
4250
99186
-9027
63874
67943
-89444
3081
-26173
59146
-66784
16090
22081
-88402
59443
86332
-91131
-549
87152
84042
45374
74840
22471
-95639
-83068
10408
-67168
-20181
91348
-64104
-72399
16126
-97715
11447
56994
-67281
80136
-60179
67437
14886
-78510
-70878
-75227
-73280
-85604
20398
-68963
-21366
-15801
56496
7006
-86601
75923
-90646
-39298
-90874
74764
46105
82024
26202
-12839
52923
-3713
-84605
5696
-9435
-43715
-98310
88180
-27900
10743
35102
81185
-58379
-98652
30585
33743
59789
4517
-60345
14800
74847
5014
-30894
-48902
-35258
52846
-85076
-72853
-32674
56959
-65588
17127
54716
-83291
-47118
44970
-73539
-85244
-7479
1462
93661
-64943
13203
99020
9638
-48500
55431
94829
-83240
-16529
55563
-94989
10820
69450
-94496
81748
85685
-27733
18275
-8158
-3751
-21112
43881
-16369
74341
69722
-90888
-33965
-97798
-79387
-22077
45065
-94121
-50267
-7366
-84187
-32807
-92331
-31104
92968
-56652
-97213
74400
85527
99340
-24686
-81814
-11170
-54516
19884
-50162
27363
-67426
-3114
-76209
40821
-99912
38749
-52704
-49787
-23814
98529
38825
-94481
-55390
-89566
-94305
-6225
26662
-39209
-92116
66456
45841
16092
39743
60905
98794
-71715
-48433
14666
57200
8772
-68745
21906
11620
40309
-83508
11877
80726
-88973
-32889
98214
-39488
94640
-21362
45895
-49475
92466
95533
-10204
62167
31204
-95649
38290
-40066
62590
-63126
66947
45235
-10026
-95122
-26411
-5407
21643
-37611
13440
27523
13909
-4968
-69683
-29645
92214
12985
80046
-61105
55669
-68809
75624
36367
-83067
-62448
-79844
-39470
51253
96500
88254
32664
75557
-47564
84185
15323
-32473
52810
-44399
1224
8052
42912
-29500
-63124
62577
14529
-84843
-12614
-59651
-65532
23619
-96003
-5152
-93565
-43466
5186
-29793
62538
-60926
-27597
72384
55382
17402
-33209
-33494
67964
-5204
-85986
62633
-44389
-20620
5907
-68714
48885
-78139
46223
-31004
87634
-46883
-67053
-17115
50689
-16711
-70873
-77351
66416
75832
-13511
-88659
81373
159
-7738
-55570
-41250
62429
70043
-23640
58092
86222
13008
89085
82048
-18072
23716
57584
-35101
98911
-90489
-86872
-32080
22072
-76205
43937
-15123
34888
59202
63914
35310
-28168
9059
1836
-30390
71353
81024
88985
5039
-94647
17028
63553
-38560
-31363
-6262
-31197
14905
25802
-53626
-44402
58380
73242
25441
-5371
-2982
37366
33999
57624
-89862
40510
74325
-88739
89056
-11602
-87338
5727
63993
10936
7449
83785
81075
-69109
46498
65505
-81948
-97679
64345
-68482
-30798
-6018
84407
-64725
36282
-5277
-53771
54753
-45602
-35539
58656
60232
-90409
97802
-19136
96830
-89307
-45305
96588
14605
58695
-6221
-66082
-87148
70526
69225
-18889
-79866
38743
54372
62663
-16802
12897
-81349
52239
94422
13744
75919
39797
50971
-60314
96855
-78832
86271
-55559
28661
27271
86041
17116
-9797
37033
78288
82278
-6967
55389
91145
74591
79209
84900
58918
-75922
36070
87388
-38270
-17426
-46292
-69085
-2944
-71570
-9933
71004
-40244
5996
20172
-37233
-90807
-42514
-24948
25345
77009
-2106
-98158
-57447
14761
28410
-20686
-34087
-47663
23501
-76777
31866
-77630
35461
-98407
-32090
29521
-29005
29410
92900
84020
34069
-65624
95753
-54067
25267
54556
97179
12555
82161
21670
-27728
62344
-86172
16124
69767
-7578
6418
-80525
-73379
23673
-3299
52356
-44188
94017
40506
-2449
-6892
83953
76127
56533
88276
91077
-70210
-32210
41511
72032
-21038
42300
20894
-6124
88320
66464
-43700
90677
-45416
-58818
14763
17836
-16375
-95184
-67981
-78396
-11945
80756
45038
4845
62376
82674
-88980
-83480
88889
-2537
-91656
-92414
-75810
-3723
65293
-73766
-91178
-61593
-66375
84994
57368
98219
34202
-61425
40373
-23415
54085
-81763
-26181
-30284
-44290
83692
-10472
61619
79765
4784
-88807
6583
-83484
61364
-90201
25693
46621
-25477
53085
63704
31059
78899
85916
53
20671
50652
-75239
83133
-35770
-20808
-36876
10603
43379
-19436
-72349
5027
20302
52761
52234
46095
-5071
-12619
53985
-94903
97366
-5039
-20019
-30186
99898
95789
-61300
54888
-49380
-84488
18481
47286
-50365
32770
26114
-82704
50794
26147
70103
-42196
68399
72909
-2410
751
42089
80314
28683
70967
-28601
-44515
-51274
17340
-41502
37204
44618
87380
-32727
72011
-12382
20942
16927
89863
-32393
47091
63853
-37151
82178
20487
-25777
-28188
93930
-75753
84892
22644
51768
-13905
-22185
-32659
-83087
-46652
-14223
15853
63189
51978
10052
-12844
-23747
18122
-37935
-12099
-3687
69136
-12459
-19073
-76716
78512
32448
95887
71420
41547
-82319
26633
77315
56334
-18408
85852
96085
-65102
53670
-44786
-98547
-6996
31437
39995
-81432
-63431
-85492
77348
19083
-21750
70308
53442
13333
-10980
16902
-2483
79536
3948
-35207
-78541
-60230
62951
69286
49497
-7597
-17853
21810
54126
-4297
6581
-75714
-37832
-71937
90338
55256
91654
30047
16988
-70752
85574
95345
30685
35123
67150
83305
-50649
52621
90149
-80309
-60170
-39381
-65781
-8860
15955
-13400
48643
-38935
48936
20397
-88125
-35302
77664
-37516
-9577
-75606
-55625
53783
58801
44624
93994
80024
77936
-11553
57291
78007
-75767
-89632
-79881
-44731
8330
-16505
-84909
-51477
-35017
10408
7649
19270
22714
42980
-52151
-79382
32804
91205
44099
-30023
-73117
58742
-63752
16365
15817
-63914
-59450
-1530
17638
-52854
32018
-12436
-88042
-58012
9127
-39306
84023
11769
-50999
63526
54174
-59927
-21442
16583
-19765
-94201
8002
66949
65389
19326
-20596
-58502
90810
29721
47484
-28522
49576
46225
-4518
-38132
-75365
-25837
48425
1322
-14272
-22185
-61255
-62425
54760
-72610
-5453
-30750
56390
-23487
83610
71239
78661
-12259
-61886
40913
82457
39419
-99600
-14640
-72151
5315
16119
-99759
-17230
-7333
97801
41704
62914
6994
-63375
72732
73630
-81976
-55038
-56308
-39706
-62544
41902
16512
-29971
-53074
8257
-97542
39237
-12400
71931
99371
34026
86468
-49212
41786
-56791
6988
-92312
1348
51957
8626
92163
2926
-71498
89287
31217
57731
44795
-90445
-46871
46032
-10508
-56263
35559
88643
71861
73799
-1829
99584
-6206
-35003
73353
-38540
95896
99466
-76837
82736
-46278
97903
-5256
-12690
32288
-78554
27254
28925
-91430
9802
-62270
-87412
-47295
-61663
-38085
92274
-2575
66815
-19887
-95983
48856
59692
-78838
36073
51203
97353
-23266
74603
-25641
-58701
-80233
83377
80883
-34820
-21575
35611
-2627
-99634
-36944
6246
-1346
-52641
-91112
-45702
-13434
80896
89779
65475
57917
-30487
-11732
83829
16314
93071
97183
-82569
2042
-15832
-39404
-92921
-19520
63481
-50267
82337
57860
89040
71598
-81524
74383
-95811
65505
-12409
91648
97323
62999
14088
31989
86248
87413
71824
47068
-30791
31184
51206
15341
-78290
43638
-40159
-62138
39791
72826
-87202
-61130
-38252
56229
-76356
82983
36700
43683
8191
92698
-28956
6469
58012
11622
54185
85435
-32673
-8068
5789
39448
75573
-52776
82662
-17328
85804
76133
-51818
71651
-39220
-79033
-98051
-13753
17554
90606
60743
43075
17302
-78684
-32845
-8929
38737
85242
97335
73831
-64094
-35147
-14566
-99952
-84763
43221
21519
68546
81281
-18406
91207
88447
24995
-62566
67982
14899
-95412
78960
-34628
-57452
-11204
-33190
6558
-19933
39529
-69476
-30826
-3745
56917
-50877
-65688
4848
-46071
35799
93929
85672
-76667
73823
-67776
32196
-57817
-25027
17032
93637
97600
-61876
28892
-58582
-12067
13182
90985
5496
13076
-38120
-6710
97351
-1130
66383
66089
-89347
67116
-83940
-3655
-8811
93239
-26274
70353
-36468
-59246
74689
-32302
25811
13186
-30004
69884
93948
29892
51527
-71645
34254
83932
-36033
17511
80407
10269
-86972
-92699
-70769
-2761
16509
84919
356
-29265
44800
-64087
-14105
-85173
1773
-88906
75318
-91909
84756
-67898
21511
44658
64272
33949
-22087
-69772
-17005
-77652
29107
-15557
-23886
-77662
29222
16445
47747
76426
-57425
-70159
-58104
-93545
56048
41553
-1583
-7560
45021
-58005
-30115
-99923
-31768
7943
75992
34837
-81066
14933
-84218
10760
12593
45063
-25115
65598
70555
43888
40248
-79308
-56300
-85346
-9160
-48656
56673
4943
-50109
18640
-71931
33392
-24400
-76707
-73347
53391
23786
-14096
43102
-43595
1067
61824
-72135
10079
-14908
-41090
-97303
-5960
-88021
76931
-33126
-89536
-95100
96913
89904
-48156
28874
39108
97466
84887
35034
-21516
24179
-66352
78647
36743
36253
32731
-24282
39441
-10229
62686
80148
8873
87858
49491
533
27568
70071
60700
-48363
-74985
-71730
-99166
64480
81872
28722
24941
90445
20707
74409
-11683
-42585
-73454
30348
5400
92917
-90311
-40688
66224
-89782
57523
48972
-52107
-95467
35150
-17690
-56885
6689
85898
-62933
77100
-9082
-96884
89452
-21034
-27006
-24477
85180
-12507
66790
-57117
26207
-89254
-44910
-35065
46632
-8815
50376
-68416
-30732
-2698
11555
-44691
-36493
84515
-9080
-50878
-97155
27705
-28301
44030
74883
-31834
42602
20978
60073
90302
39787
54600
-61327
62393
66352
23052
-77772
-224
39175
86807
44730
-48061
-12654
-32583
-60889
-41329
-93900
11200
-39086
-21999
63445
55462
77575
44377
-69034
-25808
-28255
72249
-36338
-39794
-98189
-53111
-15591
5186
-87737
-18573
48519
10947
-488
-19998
89638
86033
-87104
-50278
21339
13191
-76203
-40619
15896
5956
-56668
-54100
58656
77775
-10634
-76904
-62152
73489
1594
20687
22006
41622
75182
-5761
26560
-75919
31348
-61699
80354
92818
-89731
50563
-87435
-18323
-44987
-92961
-33301
74952
75600
-33917
-29531
24648
80047
55265
-56685
1549
-5627
-27573
80971
2925
21320
-39697
84259
44519
-93656
17049
-48706
-37661
-79314
-14907
-86832
-50110
-29193
-49714
-18194
65795
-74227
-66890
68266
77434
87439
9847
-83223
-54988
-91267
83531
-4236
89134
19668
80168
60918
93431
21507
50595
76184
-61309
25427
-99030
14462
-39753
75181
-78073
-79490
-64745
-90218
-91895
43650
-67687
9125
34496
19596
40093
97556
64438
42478
2515
-58022
-26976
-63614
-3130
-54267
-11774
96259
-38591
12017
81660
47102
54598
42124
28126
-67166
-42623
4297
92300
-79794
-92139
-10295
5622
-43732
-90376
-88340
-65918
-49961
49146
-14869
-75862
-94756
70935
10232
-88639
16890
-59741
-37163
35696
24613
50767
-85638
-9202
-23771
-37292
-29478
14914
88966
-669
78307
18897
73621
-69438
76294
23918
-78431
-71543
-31951
-30873
-55965
-30006
58022
-15873
-93391
-28339
-88858
-23481
18164
-64260
85725
21702
-17702
54344
-24664
66273
82240
63776
11937
-7145
-77060
-4188
91395
-59177
-31992
60807
-50904
66346
-45710
64674
26428
-88076
-25036
39756
76180
70900
-62015
42484
-99911
-99305
-34270
74524
-73383
66142
37253
32942
-1731
-45789
-95720
53757
93227
50937
19587
-29813
96196
-54877
-93441
-35956
6664
-66989
27149
-27446
-14448
-96193
70413
-1926
88396
74589
-46405
9149
-94619
-50200
27529
-56549
-61093
-34764
49880
39498
-24726
18302
26291
-74911
40107
-81901
-28340
33206
-28836
23710
-1177
-43804
-57161
56811
-51704
-42180
28190
-12610
-57712
-23804
-4163
-93250
79904
-69939
84939
-79127
-93463
-68021
-80958
-86738
-64147
-79597
74286
40520
-25566
91269
-33496
16899
-43741
89188
-30922
88863
-53004
69663
-18690
91596
45794
58726
-74975
-61646
43490
5176
94861
89607
-82764
-13358
-51471
52122
81570
78242
66846
39618
38483
57131
-45645
-17039
-32472
-64386
5817
71441
76641
-86783
64848
-99755
-54190
6589
63030
36902
80950
30652
-35776
-13581
-25233
-70290
56227
5967
-8346
-90509
54962
-58398
83844
-35505
-23763
3105
-63369
-36468
-8780
-92996
-318
-88608
74192
66719
49730
-20725
-70964
17615
-43023
-68909
-95858
53619
47787
55122
-53319
-29958
66745
-6449
-30656
-67818
3198
-91781
4798
2127
-75146
8473
4315
-89229
-16629
24961
67901
11300
-6268
7677
-80129
90441
73722
44452
64431
75040
90368
-46803
-87227
-47621
-55375
33927
27760
-28505
-16058
74346
-18679
-19109
-81576
91824
46765
-43516
-98922
-18649
-77367
59045
80243
77253
88412
29781
-48181
-75624
-25674
-68833
97658
-61018
-96872
95584
-43386
-135
95333
-65312
45713
-84857
39576
-41608
63978
-69888
61829
97340
-14221
71947
-47732
-97742
56075
-44844
73814
-38216
-42581
82483
46092
58617
21651
72388
64758
87095
-63111
-65486
33399
41533
15780
29577
64217
41109
10526
-3728
64737
99897
-81104
52815
-32788
-82337
35758
1219
-27520
-11605
84124
47263
90767
82609
67757
60964
92188
80563
-17197
-79207
-29927
-49891
18094
-92764
77341
15286
-27663
17784
-40871
-44680
-82550
-36687
-20424
-3701
70322
-61899
-8440
-45752
-18829
2356
-2380
33063
81605
92100
67366
-47369
-54195
-64451
-72796
8623
-35457
-10388
52882
21173
70804
-92804
-82005
-79423
-7833
41395
-1453
-70127
-37448
-83141
-38905
78164
-94330
-38526
-56433
81353
-22386
89480
-29911
-10850
97917
55211
86486
-30050
-11695
-76364
21252
-26268
-99360
50866
149
71408
-81829
-87783
53895
6323
42452
5767
87763
89856
-54350
-12884
-15201
-30934
92701
57212
3091
54605
71128
59631
13904
98969
-95842
95871
-58643
12996
-83539
54107
90455
-91110
1749
55888
-65991
-94729
-54785
7248
35075
-1827
-59578
-78036
6734
-3660
-70945
4120
40122
11706
-15779
83332
87166
40497
25897
60607
-77423
66141
49196
91616
87492
-13666
26853
22951
94006
-71545
-74383
74502
-62882
83632
-94859
88248
88412
93731
-34247
-81479
95920
-41074
40327
-35011
-40645
17778
12328
-98838
61148
-62851
14631
-1020
36390
6142
54008
-18592
64637
94101
-71150
47228
53565
74475
97753
-89492
-39753
9761
23455
16078
-58539
64235
-79406
-80837
-11317
91238
-7743
-1140
34804
7063
28684
69550
-67184
-14496
-5947
-48003
-36676
-16242
-97402
28755
-97307
57797
-70718
-53077
38603
-10239
51199
-58225
-54795
-18506
14064
-75882
-23653
-72713
-2666
-92838
-1826
-79661
91866
-31792
7669
37687
-20064
90178
-5708
-64251
42275
-16308
15432
39519
33768
-90620
29742
42347
94362
51407
-42818
74687
73877
29525
47232
78688
81587
7224
-52745
49078
-67239
91556
-89101
-63771
-1072
-93797
12091
-46208
-23688
98769
29918
43987
34747
80414
21341
-70011
-75254
51171
99864
63601
-58275
-34861
30481
22853
-86663
-55809
-50234
-3301
-29642
-27194
61853
-37178
16475
93442
22497
36530
-54408
33107
-91490
-9794
-67373
3336
-94541
-88177
40743
84973
10501
-67196
36885
-14821
94860
-47620
26138
-30636
43926
80623
73722
-2355
8771
-21414
65220
-31317
34386
-55631
-2848
96960
-60696
-6500
-13177
-94551
-20185
-10624
-19942
-58381
24155
58698
-52775
18087
73893
-83188
-74272
-57334
15095
13535
-43961
18608
4532
-50764
63964
7042
-95902
-84490
-86163
-86996
-95299
-29226
-31157
-39092
55530
67155
26304
60549
75665
-14190
-36621
-71073
-41703
-97328
69910
59519
44135
38884
20184
-50255
95745
-95821
-10322
72140
27912
-72395
54450
-44902
-20643
59074
60402
-17998
-58122
36901
2493
30686
-81595
55454
-83841
56149
61451
-42298
-80919
-32232
79982
81046
70709
81520
-4600
26175
44587
36361
96327
31823
-88675
-61586
-1642
85084
-9863
68774
-17888
62732
-27646
-56281
5118
-21776
-84697
-21765
14111
27043
-60797
-30296
65029
55759
99082
76937
-90776
-70916
61855
-17032
84853
3324
51880
65240
21543
-58881
-96209
91915
-78946
14680
63219
56990
-79267
7298
87589
-8580
-21688
77213
15684
54887
-99023
-91489
-15212
70091
34848
45944
-2083
54450
61892
5202
-41893
49757
-23873
19842
-20517
26580
1651
-51278
86593
52538
-14710
-3553
-61568
-8932
935
-52774
46319
72211
-69900
62745
-76046
40957
-84620
-72847
2688
-51394
33877
67217
52
33173
98360
-63400
82915
-46089
91048
-64518
-75257
-88828
2084
-58753
97583
83301
57749
-39563
-77818
-16653
14832
-65051
-89551
-46575
-88093
-88508
63823
15961
-90621
-75209
-5988
-88031
-38024
-13056
-99496
32837
3202
-90569
75853
22097
11261
-89100
35734
30284
-78999
-7013
67945
-65562
47001
-90341
-4518
-40027
8075
-16473
48384
-72518
75034
-49022
-37094
89108
-30081
41673
-53967
46547
-19775
-46286
71770
-28345
94884
-93808
-30195
59122
-11009
49694
-68965
-52258
-7214
71783
24305
-81262
-3917
86041
-22764
-67732
-23815
-54603
54467
51846
-72189
-4873
-35941
-36553
79091
-3511
-25884
13700
72890
-40343
-75837
-43620
-84340
32453
42482
91278
58549
37964
-9604
82787
20027
32724
71373
7991
-6084
-41524
-21783
21224
-95597
-9067
97760
14963
-17620
85600
-92890
-38654
61686
-58016
-96961
31009
84720
-77404
11267
-9669
-76175
-38391
32446
40714
-97162
320
-18881
-5045
70103
92724
-42126
-12009
53954
21855
-28636
-46169
-79470
-18561
-18242
-90893
32925
-58369
-72038
65537
58112
-23687
-21450
69831
-183
4913
36915
77267
42235
8040
-83261
-59118
60770
-40119
-41135
-35545
-27349
-79501
-12779
-17237
50002
57125
77531
4736
-35879
-99027
-76164
-10157
-83432
24926
-11544
89591
95691
70832
25214
-7932
-70013
-69714
33392
-27644
11191
60723
37254
68718
87361
-30590
-95686
-15134
-6517
-57008
43759
20272
-67349
24666
-46117
-92795
18285
-79144
33028
37042
-80632
-68872
2626
-59041
-15830
74421
-9702
86697
56977
87108
-20822
91222
-7675
99459
-51660
-95005
44416
62639
-1079
-42314
20702
90329
-53280
-75577
-16211
-86398
-96894
63590
-11214
-41128
-20397
-38728
15609
25236
13768
37442
-85444
-95742
89971
69045
84735
77022
19538
-81010
-73088
-54
-46144
-81625
4950
14731
-33633
56610
-52580
669
-77011
49542
53223
43982
45176
74265
-86614
77210
78290
-59340
51672
45560
6456
-17133
-98523
-5141
19128
-84745
-99089
95300
-40398
88844
57511
8668
53464
-52346
-73356
12269
-84642
-79497
47766
-79502
-40428
-27763
-62992
-95615
-18864
-39192
-50289
-32326
-14887
90808
-88815
63448
-35640
3744
81100
11609
-69311
62177
80664
82868
65009
-54556
-83449
-82112
51254
-77133
10071
67492
77426
-48666
-49076
-1069
-77778
76197
14897
-23013
-15763
68502
48988
36643
65457
74808
2341
64602
-55534
-74158
17666
-79452
35883
99198
63615
40304
-6899
63606
95874
13755
34842
-84048
-22539
37088
5570
1360
94443
-34670
-81977
-10130
-88944
73174
-10836
81541
74993
-45745
-60780
82227
9809
63823
-56336
-72053
-28935
-2924
57862
-45633
-35757
-98684
4451
97767
53241
69902
39130
-88925
95214
-76316
-95365
47370
-12862
-56314
17498
48206
-69280
78473
-66193
-7831
-64710
20065
22715
-87817
-83442
88082
37491
59945
-6571
32490
-97694
-26102
-76074
69734
-56919
-31716
33138
84574
-54075
13766
26581
83439
-23531
17731
84681
-5245
-43894
-38638
33128
-70414
65217
-76346
46910
-14279
-58992
-84351
86067
-45032
41774
-72775
32249
-56158
-37321
-56299
-36907
-13613
-88213
21552
-16316
34923
14711
74939
-53926
6986
-18230
18173
-95504
57151
70163
59831
9070
35583
1785
4179
-5960
-76904
21986
81307
71335
-66415
94731
-40290
-35000
87286
5152
24728
-10459
41265
-32242
-80762
99485
27890
31856
-52976
82324
-63783
-98026
76672
51627
41616
-53444
-7419
20144
-79550
34672
84548
-34281
-36824
51041
-27965
-36510
13241
-35662
25657
85464
65542
-37392
-58780
14343
-46062
85484
-57780
-29471
84260
-81088
20527
-75026
10680
-17013
97177
28307
-39113
-85697
-75484
-54042
-43537
-50919
16060
-42926
-72925
-410
-67280
-48693
-41165
-41145
-18638
83275
60851
98781
-57695
-49188
-14625
-96306
61126
79043
98181
6046
-12692
37830
68301
52427
-90638
-62766
22943
7956
-68657
65155
88844
24207
12995
16343
66978
19223
26682
71728
11404
14934
5742
7734
80947
13982
-50975
-13555
-71702
-67952
86467
-41195
-16877
-82933
-60361
-20409
3605
-50205
-94548
-70846
10937
-57319
81091
-35108
78994
97782
-17059
-52997
-30219
30605
-37302
57739
-30157
674
-28733
-21094
8535
66736
98013
-50449
-97371
90163
86684
64112
67937
-22580
-11393
6504
24183
65531
-36952
54350
-11713
-35532
42442
60014
-6872
-52999
45275
10745
91151
-47540
-18299
87049
-32525
33247
61897
53687
51861
51631
3696
-16653
-86139
79886
-25896
12011
65761
-82661
2007
13030
63410
-27829
-95435
-46277
89949
66180
-95023
-18303
-72970
-3031
73568
56244
53331
3273
-52812
32129
-200
-59524
35959
86229
-42385
11614
12563
49096
-39164
-3273
-22074
-95147
42266
-29885
25987
54743
56541
-18072
-59953
6218
93749
67222
-74967
43972
-55064
136
-42180
-81927
-54161
-75341
10568
-94030
58171
-37613
13909
14861
64061
-90257
-84026
84667
-97775
-92533
-17693
-74015
-48332
8596
77944
49926
97491
-52417
79516
-46517
-32023
-78452
-93764
-70627
-86099
10411
91387
80251
-75666
-40316
32923
-73861
-81236
20120
-68749
-82780
6667
95885
80314
62356
87037
92298
63271
-26792
-85289
71801
81642
-93599
42449
66529
50003
-21956
16664
-94961
73707
59109
-37704
25771
-18098
-60482
-11572
61511
-88321
64155
-8273
-29357
-97306
18664
82181
47119
-39548
24166
-91907
64449
-23347
62041
99611
-72007
27908
-15552
-30335
-44628
93397
58588
-15467
-9736
-35918
8017
-85163
-46257
92428
-42354
-31493
34219
73528
-4574
88791
-89678
-66045
-87511
-20188
59201
-96706
-7658
-48400
49090
-10610
35960
29506
-53487
-57953
94480
13910
-17683
88838
-56548
75531
37607
-89696
-79011
-93114
-8825
-58400
-35832
98372
-78146
-1175
70477
55702
-66642
64804
61412
71004
50569
-43856
-54679
-16133
-88767
76110
49647
51014
-24550
-60921
48591
-50583
61486
78143
99473
75155
89084
-59091
-50002
-47950
-69803
-82323
-82192
42242
-66146
-82156
76916
-33932
-15842
-23778
62140
-1029
-98642
49849
-65223
80984
-5742
-13402
-35619
-74466
60027
-80872
60901
-94708
60417
15015
11977
-11696
86813
47694
71791
33682
17388
36321
54374
-73123
88791
27827
48525
-9874
80846
-89052
34493
41035
78898
70630
28933
54915
6478
-3684
-52980
31535
39838
26847
58705
83740
16162
23535
-22879
-31698
-27531
65970
21777
-45092
11606
87586
-14375
-21189
-54520
56238
4550
20447
75842
31355
-99658
-52511
-25278
-170
-50730
-22071
-99194
-6092
60545
35785
-45783
-6168
66517
32386
-53208
66506
-90508
-1304
77294
-57972
58874
7345
51175
10669
14278
99437
-31022
-80309
-93590
58942
-81028
31830
-87410
86325
-1320
-5840
56696
93657
62117
20072
-86790
-57423
73852
83532
75790
-83382
68399
-29504
-75213
65227
61922
29176
57117
-76559
-80121
-66962
40210
24158
-47009
55613
41841
64552
16027
-78598
-87071
67819
66390
19191
59128
23925
-70123
-98649
65742
9195
41056
-35978
14842
37715
-69639
-39676
-45455
-26751
-28693
-23035
69117
8398
-85919
81449
-36632
-29317
47911
53486
-12125
-40403
-7147
40594
10191
-30571
-62711
85900
72790
52325
13155
1636
52890
37837
-25720
-86347
42080
40038
-46455
-1645
-53020
77838
-23590
-13183
-39650
-35278
-6196
58890
53712
27101
-46460
-51419
54860
27585
88776
-69158
-31769
65181
65833
251
-7291
11858
72380
51796
55416
-28836
-55135
37399
17149
91102
64730
-21955
-72346
-27272
-4332
-29089
77557
60407
3005
-17091
-74737
-8872
61790
-21575
57334
-22256
27482
-47615
-85525
-61888
-79251
-38151
4122
84385
-42137
89313
-93854
-46376
13734
-50869
-99429
-36106
-5604
43995
-38570
-48892
-58584
24974
65133
-87125
-36092
92101
32826
-54125
86188
-74114
8003
83290
-98020
-75027
-97416
23973
-52978
-17125
-8278
-54817
-51521
17168
-18854
-68382
-76483
45470
11960
4280
-9276
-53073
-24451
13281
-46430
57550
-89331
-75670
74264
-53867
69555
-36567
19758
70778
-82369
-96971
97280
82564
-35394
-15563
-3521
-48423
30413
-87668
45070
27191
-34933
-74159
-38101
-53803
-54142
34661
91958
13738
-46528
99252
-1581
-11632
-12146
81774
-94108
11255
-83294
-53859
14269
-60027
-75743
-21421
36772
-97918
-8804
-82637
-67310
-47128
-80961
84601
-85992
-7175
8639
93460
84181
-38903
3473
-12822
-61538
-33646
68446
-95218
23898
561
94827
51743
84302
-69596
39516
-43327
-71493
-58394
50752
17375
-80891
94188
25500
81031
9285
49017
-49220
33340
12028
65065
-64110
-63409
-56294
-31775
-80764
89976
-61147
-11843
-71910
3871
-74876
-18250
-28655
-48907
-58927
-36679
70619
-1458
53431
-16182
-13753
92027
62693
56295
74814
55638
