600
7075
5047
7
21
1
5541
4
13
5263
4562
10
28
4898
15
7
5382
4583
4
7
3
6389
1
4258
3
7148
6051
1
33
5566
11
40
6819
13
15
5719
1
18
24
6558
22
20
4389
19
6102
4676
6377
11
25
13
7028
6
16
4
7845
4
7684
5609
9
5311
16
10
11
48
15
11
4
6060
5834
5
5307
4300
44
4544
7347
38
20
6472
4227
6732
5240
13
4586
5820
14
4949
6586
33
6208
3
4653
6196
1
5459
22
5660
11
39
2
21
5664
41
6589
6651
4590
5862
1
23
2
18
4566
5635
7897
4698
23
4996
8719
14
23
8
12
1
4916
4767
5321
41
4565
8534
3
5183
16
13
7706
12
4396
4693
5151
10
3
4969
3
5
23
4593
5
9
3
8159
2
8
4989
7275
7
5008
2
6989
6251
2
24
5476
4434
4440
4831
21
5215
4727
5
6442
1
6975
14
3
5
11
5443
15
5313
4427
1
4991
6757
8
48
9684
18
4230
4285
10
23
5325
5235
6593
4324
5783
4676
19
34
4761
6735
6829
4
5
5389
6
4694
6474
32
9
7474
5466
21
8802
6529
4652
5250
46
4567
7
9
6
7058
5
19
4936
5398
5576
33
1
27
6372
7300
26
1
15
4646
1
5431
24
4382
4623
12
5082
14
6022
4617
7198
7400
4793
3
28
10
4
19
9
15
5060
33
5
7011
7880
10
7448
6
5858
4568
2
8
5734
4684
4629
39
4973
1
15
12
4316
3
8
38
5589
46
5593
29
29
4691
38
4982
19
4827
7307
9
1
19
12
5210
13
4270
7628
5797
8
6964
9
10
5210
9
6579
8068
5
3
5370
5754
3
4787
1
4297
17
2
4954
20
5175
6
7203
4733
6
10
6720
5538
11
5
38
27
40
5421
6
25
4343
6348
4750
9
41
4332
26
4844
5451
16
1
29
4
4266
19
8373
6654
4404
5896
5882
4551
6167
4455
4445
4319
4687
5340
1
7
5
5414
9
1
27
6
42
7249
5
9
4238
6
21
8210
6529
29
4507
4693
11
17
5182
4324
6752
4
6121
32
9
5453
4
1
10
4868
4462
6203
5421
10
4668
6021
4436
23
4497
21
24
17
6231
6101
6507
28
4873
5094
5564
10
12
29
20
5
4571
6236
7190
4238
6
5613
4
5582
5195
29
7828
5391
4707
4840
18
26
3
34
19
4725
7590
4639
5
7
9197
4968
11
4404
13
6022
5474
5027
6
4616
5418
26
7018
15
4
5199
1
5002
7862
5507
1
5
5688
4429
5415
4912
15
4519
9
6040
12
4590
3
4632
5379
32
9
25
5195
15
1
4777
27
1
3
6
6039
29
11
4319
5881
2
20
5481
50
6115
4593
7971
4574
8538
7260
4757
21
12
4471
5623
1
5
6
5
1
5364
5539
21
1
2
5883
5445
4
6117
5
5
5038
4875
6299
5
4874
6385
12
12
9
5038
17
4274
12
6607
5545
5
4365
7259
9
5488
5468
5685
5321
49
4234
25
34
17
3
52
28
4809
6
37
4863
5370
1
6782
6685
3
5514
6
16
11
4840
2
2
2
4391
4820
6163
30
6890
18
5951
13
5291
5321
14
4757
8
5
15
5
5878
7406
4
5
5520
4301
4
4794
27
31
7115
