6929
9468
2011
511
9219
9534
8981
1929
5457
8947
3078
916
2232
6768
9110
3156
7971
3232
5284
668
8510
4646
2225
2991
5338
8882
5866
7029
7830
2029
9852
5451
6307
9401
8722
9595
7212
3249
4726
1877
7530
8464
9281
608
4354
8788
4718
6227
5818
7879
1488
1050
9018
2517
4047
5272
4625
5064
412
2071
846
2758
1612
2490
1602
8125
3562
8492
7390
2168
1920
1567
8820
303
463
8200
3827
9037
368
278
5657
99
1884
7120
4512
327
1889
3439
9346
6157
4725
2569
1043
7281
6985
9034
6178
5907
9605
6811
3890
2787
7258
5198
6558
4510
9395
9867
7495
7091
1674
3486
2770
3170
6728
6483
3409
1552
6072
5489
9854
3126
925
3624
7928
7117
3580
3360
3911
6509
76
5832
9522
9909
4924
2024
4083
5725
7839
7739
2964
5441
1866
3042
9818
1654
8614
7040
7895
9475
4035
716
9835
9637
7723
5605
3361
6359
7735
130
3517
1784
628
533
3032
9033
9455
1599
6183
8869
9989
8321
9278
5985
472
9720
3113
7174
320
9704
9906
5169
4500
9211
1239
9188
7789
3995
8684
3414
5689
9493
4403
1537
8782
3320
9770
1242
5836
3599
5271
7258
7868
3667
2310
8223
6681
5515
7623
628
6920
7958
4133
3412
8518
7013
7835
9494
7720
76
5942
4051
4133
8320
1559
9094
6618
2328
5357
9466
1190
6187
2879
9057
9018
9256
6981
6149
5035
9103
1413
1374
2819
3286
9018
5745
5955
7726
5374
8761
2595
5539
8968
7454
9401
7384
7453
4992
1061
1913
4925
2054
4817
4517
9917
8748
7710
5112
8715
4820
4122
4156
8407
7432
8170
5873
9201
2770
4448
5199
1711
7647
8651
6087
5062
5345
5500
6795
6999
693
1593
914
5703
1825
6584
224
1518
2994
8997
1157
5139
9454
1782
4217
6898
79
7965
6443
6069
8218
2527
1154
4799
241
7676
5053
7360
9319
2063
419
2217
6630
5783
7079
593
6661
4862
7987
560
3140
2239
9141
5375
7095
6278
1563
6489
4191
7518
7836
5567
8937
7084
5560
6271
6782
8361
3954
6136
1708
2675
2653
6132
571
6903
5748
2969
4492
3637
312
3654
4260
7206
8172
8110
8524
2698
2404
10000
334
7804
4012
3929
4505
4483
5134
1051
1483
5677
1467
7986
9018
5060
7123
3633
7351
5580
4410
7323
4788
4184
8728
2474
4933
7833
2604
9673
1842
3598
7931
5585
8987
7778
136
9846
6318
9538
711
1707
7597
3149
4550
8628
3678
566
1874
6098
2917
8878
3679
257
4897
2661
9361
3160
1063
7103
3229
1370
2055
6548
7249
2592
4399
7927
703
5365
64
6975
6471
4796
4400
496
6089
8388
6303
3429
4613
6412
627
1376
3915
8950
3246
15
4037
889
4937
7933
2164
8296
3944
7743
9754
7960
6030
2445
4174
7869
6715
3724
5454
3602
2075
720
497
3819
7688
6155
5399
2665
7786
5973
7593
2407
7885
6523
1759
8707
3275
5015
2442
9179
3086
4857
3819
9665
3703
943
4963
8815
3329
5886
2151
5995
1186
9671
731
297
3625
1459
5354
4519
133
4380
9238
5041
1880
9634
3514
942
1554
9766
5614
7906
4402
6750
5010
8656
3213
2410
2626
5125
535
907
582
6693
2300
1353
5228
5623
3066
7393
6562
4969
3284
7242
6823
7537
964
7031
7755
1961
3773
899
7873
1284
9808
7134
9332
6709
2556
792
3549
9568
4947
8484
6945
5315
1857
5329
4513
7770
2674
7159
3488
8593
7750
3256
5911
3906
4191
9733
9419
8889
7074
4235
7644
9750
5789
5811
5941
1040
4349
3401
4600
4435
889
3580
9883
2861
9702
5814
5101
3571
9699
8463
3065
5424
4808
9707
3248
9614
284
5093
2672
7020
730
7783
1317
2643
3924
8032
2361
633
7809
8961
1507
7366
1743
269
6660
1777
6764
2586
7731
8689
2614
5326
1429
1386
111
5178
433
4208
634
2216
2740
2286
6473
4798
7871
3722
4668
7955
7845
4518
9033
616
2018
3350
504
2747
9399
4919
7281
5681
6206
8876
2706
4718
6405
4664
194
6800
2925
6410
8890
2287
4964
3394
7372
9428
9349
268
5824
6641
7586
5463
5303
6276
7571
8994
9091
3226
5466
9689
9816
8915
4594
9195
2523
4521
2633
7442
5857
6168
2828
747
3370
5121
6244
3664
7851
7905
703
8659
7970
6394
6289
8199
139
5493
5628
2825
5510
6445
9304
4688
4763
638
5401
8122
1532
8644
3332
679
2200
4976
6410
472
7303
3176
7649
2713
6157
1610
9658
9086
2135
9133
2603
8211
8242
36
4690
8309
4174
8924
8094
3035
1410
1649
880
8661
2068
3260
8179
8722
4775
5398
580
5971
4761
751
2004
5876
3639
8391
5850
8388
7656
9109
4792
5085
5591
2314
7696
3799
9371
8544
1411
3958
3552
5086
8585
7821
335
5270
5592
9437
4160
783
1580
9767
9111
3145
9044
9315
8213
1664
8219
3088
5989
5419
6198
3937
1597
1284
683
8213
7778
8068
9983
2840
77
9691
3425
5657
4300
851
8124
6176
3492
7968
409
2123
2890
9508
5396
7746
701
1585
3697
7080
226
6375
3679
8262
9043
7475
6814
9548
3236
3981
8523
547
8531
960
4850
3458
8632
6315
2834
288
1708
5218
5937
3963
8183
9912
1916
2232
4292
9474
8829
1549
4146
1537
680
370
6065
4694
9955
7880
1153
1610
2656
5244
2415
4459
4243
2450
8638
8483
4980
8795
6139
4766
1747
6141
5680
3018
8363
4743
8489
279
5026
9430
5633
3518
3617
8932
2243
5033
7460
4611
7986
5628
6470
4755
5868
9390
4736
9165
9770
9008
4877
2473
6820
6044
8104
974
209
2743
8817
5041
1304
4775
7137
1583
371
8574
1822
2749
8499
6334
590
7688
914
4294
9672
2162
4931
6529
9378
3911
1966
8846
2524
8806
5173
7329
1539
4501
9377
1300
9765
2544
1532
3234
8256
2172
2790
9019
6448
257
116
7390
3226
6219
7451
7425
5144
8003
5
9060
7857
8489
866
5490
3246
974
4941
8578
2708
1762
3618
7885
6622
1960
1794
7032
303
4620
9417
1188
1755
232
5531
9183
6824
7302
2534
2611
9340
8701
930
133
667
6477
1328
2408
1892
7994
3058
3724
2036
4472
7004
9341
1652
6983
9393
9924
4668
6845
2852
6296
1608
3500
4910
4682
3900
4431
4339
7233
855
335
8607
3527
5622
5478
7763
9699
3598
1421
8801
8864
6835
5042
856
1148
1655
4603
2706
6378
2995
927
5478
2448
9727
5607
8101
4077
1438
628
8872
4410
7616
3252
5217
1397
6239
1287
2267
2217
4464
3070
8298
8602
7918
9571
9912
6042
3007
1645
5405
8455
8233
7847
9992
7211
1117
6447
3948
1808
3199
8272
50
2668
7214
3513
6181
7357
8685
7449
5893
1687
3486
6837
1088
8323
7640
1990
652
1161
113
5004
2947
1880
1807
8163
7399
2193
8833
8278
5740
7135
759
6143
5985
5702
4020
2321
1855
4111
1733
7769
5660
3623
7722
7859
6503
2610
8108
7117
4187
6174
2210
119
336
8084
3015
21
3124
6676
3703
4052
9064
2575
2025
9318
8812
732
4958
3856
7391
9351
2940
423
1438
5531
7138
5962
3679
9391
7637
1929
9558
1611
4019
8618
8149
8612
910
6321
6605
1165
2269
6460
3093
9332
7794
2465
2213
4169
3661
8905
1087
2469
6697
6809
6461
1649
5145
4957
9648
4254
5048
2854
6903
4329
435
4841
3305
3415
4699
4535
9536
9160
9594
4092
5034
7686
7828
1735
5057
4911
84
4144
330
7500
7068
5317
5532
3981
6601
7953
6648
9312
4555
4223
1162
1794
4175
8328
9237
8477
2548
8193
4067
7638
3908
6502
3482
3385
8946
5226
9985
5681
5796
6586
9945
348
906
4235
2738
3714
7724
1545
5137
8449
5903
6276
5433
5183
7808
6218
2099
8940
4087
6462
2734
7027
1514
1175
5277
3501
2348
6581
7830
2631
1409
4476
6
4932
8832
3324
5854
9277
441
3018
4508
5592
6406
6476
6170
4844
4479
3220
8944
2360
6971
5666
2248
5209
654
7681
7764
7390
1510
9558
5786
4161
6784
6615
4386
5559
1950
1671
4007
4145
4243
3391
4878
7498
786
17
4696
2696
4384
4239
1043
6792
4643
2652
9599
94
7667
9588
5382
516
6780
9491
9049
4554
8208
4487
5095
1226
1654
1503
8462
8367
8035
2214
5998
8275
5917
6523
1518
5459
125
7950
5872
3782
1882
4193
9048
8382
4180
5081
3500
4602
2854
2956
9255
9153
6031
8606
9561
4926
5966
4212
9369
8290
2155
8573
6267
3486
4276
4008
905
5172
9115
1706
5371
6266
2077
3044
1406
1222
3485
4384
6102
7756
3205
2688
9502
9077
9787
1235
7656
786
2693
5441
5630
2788
8667
4364
2101
1338
9155
2223
5113
7046
309
8106
3063
4443
6175
5196
9158
4249
2349
4653
9005
9134
7802
956
103
7843
3738
7030
5532
5100
3790
6441
8913
8277
8407
6484
7710
9030
1201
6463
9331
7670
345
493
3844
5033
7682
5661
4180
4044
1047
6557
8746
4810
8322
4344
2161
8340
7361
63
9708
4025
3720
9660
8363
4536
10000
7023
6708
6219
1224
2631
7154
184
1684
7497
4006
6526
8638
3007
9742
6990
2498
9489
7942
4707
606
4609
4286
3885
862
847
525
5852
5827
6835
6521
7436
3974
9935
7810
7225
530
8804
8366
8931
8736
6431
3559
4682
6911
1353
5777
9585
8632
9351
1432
805
6181
9874
3441
105
523
6164
1769
5683
3692
7655
3340
18
8940
987
7116
6962
5557
5941
5590
6375
6397
6518
5449
7974
7509
5302
2403
5024
5479
9210
6092
2738
5818
8635
9399
8373
4235
7283
5424
491
2184
6236
2118
7450
8832
3680
6979
8230
7934
1715
2550
3305
8925
2326
4884
4961
4334
5050
1381
3185
3915
4557
6696
7313
9995
1869
3279
6846
8174
7239
6643
3972
3228
9889
5577
4583
4376
3557
3729
4734
403
3504
9251
6324
5945
9793
3224
1721
8974
295
304
5304
3242
2848
5126
4726
161
6114
1918
7224
4288
5503
4718
5642
9370
2728
9864
296
7424
5961
2401
803
8970
7197
5640
9231
7287
7504
3303
1996
3359
8111
2313
1913
4079
4735
6092
2211
5745
1622
3911
3961
9938
6073
2847
8710
1252
5627
3294
6905
6009
6907
7905
4615
2798
5071
8811
2133
5942
4432
3832
8246
9112
167
2323
1
2931
5406
4517
8547
4223
699
1678
2224
2519
2706
4069
3687
5108
2696
534
729
9821
1089
7819
2722
4169
6161
9749
4976
3201
4326
5424
5202
5778
1034
7282
7492
1846
4481
7056
7343
6838
5078
654
4677
6643
7579
3150
9476
9983
3891
7078
2071
6328
2941
8405
482
1721
4487
2942
6838
1942
1015
4768
1917
4310
6628
217
1158
6659
6
2333
3946
435
1682
1993
5995
840
315
9697
8738
224
5808
3089
5903
7298
8718
6035
8566
9167
2588
2610
522
9601
9474
4725
550
9653
2393
2753
87
8156
5465
6519
2919
1558
8359
5940
6895
7813
5023
4999
7280
6098
44
7127
6684
4592
4161
1405
5703
2516
1438
7463
8345
5102
9678
6593
8030
4202
1521
2180
8784
4900
6762
4429
3689
3371
6328
6747
2473
5130
1479
1306
2753
116
8468
8420
7614
4081
449
5251
894
6979
6289
1498
2875
2025
4712
5561
9438
3056
6895
5178
7877
5944
5742
2408
8598
2880
8725
9956
1316
2245
4457
5533
9619
9064
7484
5686
9442
5462
6521
4272
5304
1568
5278
8323
5477
8887
171
6208
5124
8317
8543
126
6192
244
2131
3709
3627
3498
6986
6191
2317
664
9914
8484
1057
5730
8105
2433
9887
8142
897
6809
4826
4695
7902
8045
1960
8177
6953
6140
6800
7215
7390
7570
1970
4371
9913
1843
9188
729
1442
6494
2893
9407
9556
7387
5344
7028
836
4806
1102
9258
4324
1388
5837
2757
879
512
205
2544
4841
4868
9609
6154
8912
892
8517
743
3057
6447
993
3968
1814
6518
7497
1583
8839
2462
6706
9094
4879
9527
9187
5184
6322
2734
1590
8226
5044
5949
2976
387
433
1241
8863
8016
5857
7447
7820
94
249
1968
5173
3794
3993
4236
9530
7630
8306
7769
918
8738
4426
6005
361
6256
5983
1785
6848
5628
4123
1727
9893
4611
8325
5239
6754
1262
5871
886
9560
8022
3354
7313
9105
423
2519
9457
6650
5436
9269
8564
78
2796
3683
2621
9810
3055
9645
5312
6778
9208
6141
3458
9572
4522
6861
9670
3322
4869
9143
8416
296
2388
4280
4255
3177
418
7046
4681
5220
7994
6510
4415
5970
9536
288
3519
4640
9589
9797
2841
7671
9326
5868
3231
9073
3144
7069
1189
6019
60
8751
7333
5622
8745
6070
242
3506
7468
1638
8638
6182
9859
7513
5203
9450
2718
9528
3824
8702
8765
3677
6966
229
101
995
4063
616
833
5788
7211
9306
8550
1101
3380
9981
9241
2080
1414
876
5794
5423
9872
8327
7677
5622
682
7260
2011
9815
9367
9027
4452
7041
6175
6495
8341
3418
9812
7396
5768
3949
4061
7156
3055
4572
3815
2503
131
1332
2541
3070
9035
9692
5242
9912
5542
162
8304
8278
8652
8833
8385
1716
9490
6644
6905
9806
787
8549
1736
2305
418
8187
6940
8836
5383
108
5889
8348
811
6629
6717
9148
7997
8008
3492
1482
6108
990
4695
2891
7504
6904
3286
6641
6213
3967
9565
9145
4619
8946
7913
1634
8557
418
2185
3344
4721
6451
8808
5194
6611
993
5048
9429
8657
8278
1237
9417
653
8924
9634
6775
8144
2431
9771
6650
3397
3732
9782
8797
2870
3694
6216
5280
1101
9072
3752
9988
9007
905
3889
7622
5506
9476
6346
299
9107
7925
9271
3771
2684
9114
8070
5755
4922
9700
8333
7730
9209
2296
4581
7651
9957
4473
6703
9482
137
8438
767
2071
9432
41
407
5850
3196
5742
3608
3716
1181
5305
3015
1208
6614
3414
3831
57
2305
8806
540
1364
8474
3804
10
8688
218
6951
3744
5856
5481
9110
625
9207
9624
1803
1842
3970
5111
1608
2808
7276
1869
8945
4218
7946
518
3758
7600
8585
3870
8422
9092
7238
8213
2140
819
4543
3155
8926
1462
839
5899
4752
3457
7566
8266
8199
7820
5764
6708
3425
4424
8533
9776
6375
2873
2925
3033
6428
1801
8846
9341
874
5557
7398
1289
7479
145
8824
5946
7255
6565
2625
781
4553
8215
1024
8535
6118
2453
2521
1495
8748
6844
3203
7135
9684
488
8533
4076
6208
5532
2961
6430
8036
5632
6562
6383
5003
4598
5461
2592
9856
5501
2275
7955
95
299
3982
7037
5874
8847
5834
9339
2247
4721
8148
9085
9290
7309
5623
3062
2635
9437
4285
6098
4095
2203
1839
4079
4382
8549
5042
2296
3163
1272
172
9495
775
3732
7468
1882
1900
434
5958
6094
4771
9349
4382
9103
6868
4237
4231
9870
5933
2444
7698
7966
2052
8369
6770
8745
1631
6300
4302
8434
3455
5154
1004
4324
5059
5731
3904
3403
7865
1475
152
4302
5384
9636
7016
8413
1914
2164
2326
4337
7273
7205
4538
7902
2353
8971
5096
674
4045
3108
2410
9269
4353
8827
2950
6938
5514
4908
8727
5107
1687
8048
9565
2572
8015
9381
1355
3349
2737
7238
5736
1366
3650
6944
1489
2341
7095
232
1967
7434
3833
6684
5661
7580
4729
7160
1962
2203
6185
6610
4752
6736
6166
6103
5396
4733
8860
7919
4846
699
607
562
8769
6499
5123
4743
2165
8726
8606
2162
9873
1600
9383
1076
5229
3238
252
9957
9662
5961
7607
8267
8138
8897
4440
5667
6051
4702
6420
3472
8293
6845
225
2151
7468
7642
3746
20
6691
4445
7535
8539
3925
6539
5371
7660
2523
3539
3998
8286
7708
1295
9111
2122
3388
7243
3974
8017
4568
523
4451
8464
3366
5463
8288
2530
4698
8758
7166
852
7333
2649
3121
9857
7482
9928
3912
660
6471
4204
2428
7756
4796
7176
8474
2561
8210
6112
8754
2991
1919
5065
4440
3609
3660
777
8464
1988
6405
5717
7204
2201
8186
8210
7047
6220
8411
3156
2773
1649
7579
5512
2464
993
4763
8633
4573
4640
8476
5768
7505
2958
6446
6202
999
2535
1667
6275
3875
2867
26
3578
3072
3397
5905
8024
4783
16
1224
1301
8682
4190
7514
3172
3978
1605
2096
5605
4648
6160
923
7618
6031
7369
2712
3155
1790
662
1139
5364
3242
9565
6288
6239
9355
2070
4426
7424
9700
4616
1864
8435
6955
4639
2757
4705
1355
4095
8612
1111
176
2115
343
7309
3585
874
154
4690
292
530
7048
1030
4441
9824
176
4347
4198
3896
421
5590
3390
9486
1561
3833
4197
3212
5268
771
3270
9392
2643
3895
203
5383
9294
7173
4043
839
6021
8369
7566
5545
2320
8349
8557
5494
2518
5478
5493
3631
6710
5219
8330
2660
4147
142
1829
8639
5727
5309
7494
7896
6943
3351
2265
2206
2161
8758
1196
4911
8465
450
9496
7410
3527
4175
9855
1208
3620
2874
5905
7137
5861
4720
4514
9832
1398
736
4891
3383
2184
4862
1649
4628
1845
2597
6021
8957
3115
2461
2465
3889
7930
9809
4150
8135
6611
8335
3796
6845
7740
2652
7349
5306
4594
7283
1679
3717
5830
189
5811
5421
1861
6020
1704
3319
7464
3661
228
2092
5022
1097
8519
6394
6734
8271
2186
7904
7082
7615
5665
5131
7120
8534
4638
7146
1281
4999
1342
933
8360
741
7787
1696
6768
4058
5583
8623
6202
517
464
8404
2708
7575
7484
6396
750
2701
6215
3372
8610
3978
6760
4070
4180
5368
8308
9457
6962
9040
3001
4576
1975
3350
6274
3782
4045
2406
8010
1286
8168
5309
5048
1597
8850
3404
5435
9669
1960
2556
1807
2566
4955
6254
5783
4408
4872
1147
1682
7550
9820
7315
7430
6440
8276
2306
6167
1390
5306
2804
8267
187
107
2177
3790
2184
3276
6701
19
8121
3075
570
740
8401
6748
5520
2192
7560
575
4250
1511
3580
672
8944
6258
3853
5069
5349
3302
3976
1610
3198
159
1471
7616
5374
5765
4005
7353
9017
4473
1989
9869
3485
3423
2072
5293
4298
4427
2423
1289
2422
854
8029
8252
6882
952
4301
7681
8730
2713
6159
3514
4336
5289
7629
6907
729
5243
6431
9286
3538
3205
4098
1461
1560
850
8042
5318
8664
5852
6532
4079
1277
1288
82
1123
4573
8552
922
7386
5201
2058
9054
8193
9733
2114
9908
1602
7661
6691
8042
522
9189
7528
5338
267
5069
3566
3466
8097
8057
8563
9626
6978
2686
7237
9656
6899
9294
8863
507
1331
2291
3261
981
8095
7215
7347
3601
8982
5252
6752
3892
5741
864
7830
5541
9625
7570
9115
4854
3105
6036
696
4342
2508
5081
9118
2870
6780
2903
9626
2854
1179
9818
6275
9679
1213
6380
6980
8905
1336
9096
747
6127
9442
6371
4161
5239
8747
2550
946
8773
5346
1191
5591
1376
1853
6912
133
8084
1296
5681
10
9916
5421
3022
3269
4156
2473
4283
1367
9075
7977
4972
3809
5069
8744
6522
2637
5906
3049
4957
7478
4797
7870
3401
6697
1913
6749
1410
1515
4108
8433
5553
4694
8475
4907
3769
6274
2164
1373
7759
9835
7598
5682
7770
1453
6865
2196
2791
1205
7211
6096
2756
6777
8158
6920
9874
1293
6204
7176
4106
8628
9893
2672
7668
1588
9846
6272
92
4803
8332
6971
2631
6691
4279
3901
468
3795
2396
4085
2623
8489
3118
9798
3572
3266
9811
3694
8178
3105
4819
9018
1972
9491
8138
3103
799
6738
333
5603
3770
9780
7916
3781
5110
9992
2204
4397
4036
6627
8476
2274
9289
1015
1668
2070
4357
8083
9467
7968
1154
3830
8718
8437
963
8744
9682
937
2542
8432
4505
1648
7679
5502
9461
734
3237
4515
2154
5082
7160
1670
162
9303
1853
2920
5376
6330
4361
9802
824
2878
3426
4922
6657
1306
892
2153
181
8559
4731
7443
2129
7400
2025
7382
5526
6857
7105
2787
8770
8432
1089
5702
2206
4370
6276
1890
3622
2475
456
1600
151
5770
9370
6800
8200
5686
9606
1076
6460
6681
6707
360
2608
6500
5501
8618
3004
8910
6377
6809
9602
9970
8725
1966
3141
8191
5173
5903
9140
9694
4191
6338
6866
352
4363
1965
3840
6444
5994
713
496
943
9273
9882
1310
5554
7948
3253
6689
960
4355
2633
3175
9722
5472
2013
8242
7308
7292
49
502
1905
7886
1707
8548
2525
6253
8247
8914
5903
3318
9955
56
1368
5599
8208
261
1386
4113
8565
2995
1801
8381
1431
1220
684
5032
9688
8589
1877
3562
4442
2222
3072
1664
6806
1971
5740
5743
1140
2858
7942
7180
529
2056
1707
3197
9269
8234
6187
4525
9840
8870
6726
799
8425
7450
2675
2964
4061
7285
4110
7591
6775
2081
5520
4635
385
9146
2716
136
5511
3644
7021
256
3526
101
407
760
3107
6914
6782
475
3821
8032
5337
4103
905
338
3446
6735
1399
2013
6374
2345
7946
3589
2654
1365
9653
5426
6389
2779
4749
5698
9644
6269
6240
597
8902
9024
7509
1057
5254
9274
635
6671
1179
9477
1270
4869
2439
4715
5082
2580
184
1204
9959
3330
1921
1008
8895
8342
5425
7493
806
7997
4940
8063
4079
1640
1045
9812
3450
7101
372
782
205
8169
8652
9491
1664
8660
2107
3978
8828
6615
3606
2930
2207
6960
569
4289
8763
4382
3492
4198
3234
608
5751
6797
5404
9382
2980
9445
5333
5889
289
2219
6995
5710
8148
6200
9885
9600
3354
7263
5870
471
1475
8462
3687
7991
265
6952
1247
8468
9739
8042
8231
4180
5027
11
1639
6037
7684
6493
3539
8454
2663
5884
7963
6139
4298
9509
9886
6135
1074
9434
8194
1408
3785
9537
1563
5502
9040
7061
9194
2316
6801
8776
1444
4060
3723
4639
1681
9378
7526
8383
5494
5233
2433
2280
6939
682
2983
2853
1662
2563
9243
2236
2121
8588
4560
2973
4732
9364
7971
3947
669
3891
6569
1116
3878
2929
1239
4900
4626
2459
6893
3688
2830
6348
9211
2017
1608
4682
7248
364
1815
4211
9758
804
8063
7858
3097
939
4515
6258
2490
3477
9394
2603
3903
7013
2426
806
4076
8796
3647
3429
6790
7623
6578
7702
9820
1427
7655
6669
4954
4036
9777
9049
507
8718
2254
3099
6006
6384
7117
7105
8093
1445
8357
4575
8701
1554
8123
538
4976
7785
5496
3969
1983
725
63
2499
7382
9774
2472
8296
6508
384
1749
1819
7999
8189
2521
6189
4317
6176
7155
3566
9553
2895
6302
2429
5284
7555
5192
9770
6898
5275
6541
494
3871
754
2343
3533
7332
9603
1413
7319
4379
4102
8583
6202
1820
2470
5446
175
1635
1837
6675
6805
657
7993
907
9449
5611
2730
2055
3691
3578
9706
5541
2296
412
7062
7165
6487
4748
9445
5180
8505
1214
8127
592
9883
9625
4111
7582
4790
1729
4157
167
944
7176
2995
353
2925
3440
4633
6468
9806
7586
1872
5795
7667
1563
9584
4181
8876
6397
6539
8872
5870
9045
7527
776
7034
8617
88
7410
217
1495
3237
7677
5840
1233
1169
8441
5317
3932
4407
8584
640
97
4166
4275
7034
2226
4232
291
9663
5997
7529
4252
6271
8436
2892
7540
8059
3437
9211
417
7371
4488
8583
6747
3727
7734
2981
2696
9419
3662
5565
1408
6399
7970
5946
7275
9550
4501
9844
5955
1849
2514
2723
2955
1920
6899
5950
5413
3843
9313
8004
6032
4443
2734
5463
6407
1110
9539
8653
6558
4928
9762
4175
967
9497
1884
378
9648
1431
3666
5560
9349
8448
4944
7174
6728
788
819
3446
6073
4585
1415
5829
1941
5079
8485
772
1726
6504
8909
4065
8468
7210
751
5847
7575
2186
8408
250
1626
4630
8554
6560
830
9483
6533
4820
7149
8131
7635
4650
6255
5752
1113
8222
5559
1192
1458
9122
6427
2311
8027
9030
4791
7085
3633
3503
6208
8353
4570
6736
5496
2569
1631
3863
6449
5601
8297
4325
9307
2691
5078
6098
1853
975
5011
7345
8475
3866
9542
6463
5552
2990
7642
4578
9541
6196
4876
6094
4077
3632
3768
1698
9200
3722
1564
9299
2646
1221
1236
408
4584
6708
5723
4287
842
5005
2824
9386
8524
6074
7469
5658
2732
6635
2675
1136
7297
2598
5500
2091
3822
4857
1403
8770
5542
2217
127
4559
9458
5955
7369
8282
7236
5290
4520
1793
3658
8926
9188
1504
2892
5142
8554
1228
1261
7904
1947
8907
1046
8966
3133
8059
5842
5350
9830
7726
7206
8668
974
5184
2781
6271
1337
1899
8605
9410
4777
910
38
6152
532
2738
6496
5651
3032
7521
6838
4433
5135
6890
7212
5561
568
2980
4601
1325
5349
6314
7431
519
4648
4292
5350
8387
7880
2897
7997
5154
7535
7672
3971
264
7321
8174
307
4477
612
996
8298
9068
9684
1847
2866
2158
995
2555
635
2498
4277
8737
7782
2734
3837
1808
8963
6527
9965
6660
3936
5534
1100
2829
9416
8033
8865
3205
5144
5850
1446
6889
9731
2599
9317
4243
8372
8717
5657
2675
1683
453
6182
4516
5284
6934
4310
1077
4795
694
969
4627
5579
2592
4719
6636
4965
5117
6772
9369
852
1269
3943
1890
1178
9980
4277
2638
6398
3172
2830
673
1852
5024
1016
9280
3620
1222
2918
3578
156
1381
2999
3396
2564
1635
1417
6203
3823
7236
5716
1115
8068
7383
3070
4433
7496
7497
3539
6899
9728
5003
951
6560
2849
9609
5274
2787
5631
4639
9606
6318
6473
5883
2577
2057
1987
6297
3109
2135
4718
351
513
576
9730
3745
778
2410
5787
6571
605
6217
9279
3921
4034
7180
4246
8148
1282
658
7314
8902
7386
1533
6640
3723
4347
1154
3356
100
4726
3058
2321
577
7391
5842
4540
5394
1748
9752
4276
4880
7822
1363
9842
813
2609
7588
7637
6505
4746
4372
832
3025
9055
3917
9015
9597
9057
8172
699
3523
6351
6675
9896
8992
2531
6737
1222
3971
320
1155
3478
156
1236
8011
9430
6025
1345
4220
2080
76
1266
8246
6486
8175
1694
2326
6909
3836
257
7883
4780
3167
9358
2479
1327
6942
2985
6366
5220
2809
2456
9852
1436
6741
5289
5610
6919
4088
5291
1397
4108
8349
7552
9701
8992
9846
5901
6759
9208
4113
8170
8745
1530
784
2553
409
5510
823
719
7752
1170
4859
3600
7766
5893
6410
4876
409
9786
2008
6731
5031
1277
6193
2541
2690
1369
2345
9381
1769
4193
4197
6577
5479
3860
391
4445
1818
9071
9470
3106
6806
3164
8527
920
761
6052
6608
3683
4261
3222
2011
6933
3937
9122
6063
7149
5027
6352
1750
2796
573
3760
3917
7812
7123
275
7406
1920
4687
722
9434
9327
7822
7928
7372
8937
1010
5715
4989
4874
768
3279
6608
5928
6929
751
6435
8646
2625
9258
6966
9375
5254
6285
9208
9685
7379
4158
7018
9253
2229
595
102
2531
9704
3136
1619
4697
4662
4435
9310
4366
4859
6085
504
1320
6937
957
9567
4268
2566
6326
6757
8980
1169
2783
9181
1068
3851
7866
3478
890
8021
4427
5855
1615
6173
5756
8808
1843
5032
1175
2526
8961
564
2539
3777
3800
1313
1632
7282
3653
4727
5525
4566
1457
862
5462
5191
3862
5283
402
1432
4292
6727
493
8918
7830
8224
1455
1007
8880
8797
6230
5204
8254
7362
8547
5771
6087
6749
7604
4802
936
8199
6572
3423
1432
4052
3132
3118
1683
6152
2532
5314
7324
7334
480
6908
8089
6059
1405
561
9091
5178
6941
8801
7183
6340
6742
8808
5983
3449
1674
5967
4613
5730
9911
7899
2947
8224
9100
5592
2960
9136
6808
777
7363
6960
3702
348
5970
5452
8535
1685
1296
3493
4585
9092
2038
1063
2800
5589
714
5232
5516
1823
1284
659
5843
4513
370
4361
4725
587
2169
2887
1354
6036
3043
8660
3230
1111
8739
526
6860
9749
6483
6057
7805
7712
7258
5399
8728
4888
8341
4595
5042
7176
3939
9565
6478
9189
8900
8369
7282
640
2960
9781
6238
3120
4592
4571
3479
9400
6763
1965
7447
8475
7306
5628
4271
8588
8030
8155
5309
903
4170
9553
9194
7550
3468
8874
2355
8893
6380
4364
4908
8597
6013
5818
3095
9629
490
8940
312
406
9016
7970
3857
6519
1874
5901
9346
8898
9289
3414
4863
2870
1937
8039
7397
5767
5094
628
309
627
5541
525
653
1333
3160
5391
2109
2482
2930
9112
3482
3563
7965
2895
2698
526
9598
7648
7767
8671
5414
7546
3909
676
6879
5226
4523
7838
2096
5936
5159
2574
9731
5954
1218
7548
387
8153
4997
323
219
639
5819
9352
2047
7788
1477
4230
3804
8152
5691
3724
7862
5773
5303
8128
8380
5881
6589
6683
4491
9232
9827
8363
7460
9422
3236
4578
6078
9911
6096
6738
3395
5355
7214
8535
4102
3288
6910
4389
9206
8513
5139
1807
1154
8892
655
5573
7789
3747
6680
952
4220
3346
5274
4590
9896
5674
7215
4018
1302
9729
5301
3567
4657
1195
3888
4826
8836
9381
8951
4166
2623
9339
838
5358
8746
6806
4114
4831
3355
4800
5387
2378
7956
9501
7684
7685
8304
7208
5958
2548
347
28
3333
1890
5764
2119
221
1280
3725
367
2562
1068
9003
3879
3908
6598
1885
2071
9461
8500
249
9593
78
3538
1322
6193
8640
6914
6582
556
2329
8750
7042
1723
1717
9434
8584
475
9980
3438
9502
3982
5645
7366
4482
793
1081
2470
1033
4040
7273
114
159
3860
1467
6931
867
1952
2301
3297
6960
6761
113
3433
3565
8580
2493
9484
2540
7640
9172
2698
181
1463
7963
980
4698
3783
3535
9603
1918
1396
5955
8248
2774
3399
7179
4745
6560
8588
2141
8146
453
7912
6188
6552
683
48
2584
2355
7427
5213
446
8563
9026
408
4426
785
4414
9990
9035
4558
3608
4058
6912
9273
7936
4757
4112
4991
8623
1061
2237
2048
9488
4159
3347
9843
6304
7948
3941
7959
158
5405
1884
4363
6979
7072
1010
4019
9562
371
3367
8612
962
2329
8899
4455
7533
8290
5701
6947
5159
9101
4879
8825
7469
6355
1511
4765
6977
4682
6563
4063
5291
8329
3619
5784
3443
7278
9757
6543
7146
9675
811
8283
3455
2385
8760
4030
6439
37
2185
5897
4774
7945
6125
8934
7393
1665
6442
2576
9397
8264
8532
5909
1677
4765
3930
3735
4432
2175
9303
4
9198
7768
151
6431
6677
2485
4386
9289
4596
8281
6375
2795
2632
3341
8713
9136
4700
5422
6841
5380
8540
4581
8230
2238
6813
2856
8694
4395
2012
4296
3172
8996
9555
76
6317
2795
9761
2592
1092
8592
6902
8815
1289
5333
4567
3273
8718
5882
2816
7350
9121
2825
509
3986
2259
7750
8157
3501
4341
9729
2091
524
7530
7159
7984
659
4428
9735
7080
8338
4622
6187
9461
1261
9373
7217
6492
7902
9243
1088
7768
6983
7784
68
9498
2243
9620
793
9143
6196
7898
6203
3544
4334
6742
3783
2978
2186
3731
6891
25
8508
5322
3409
3555
8994
8322
3690
9119
6229
9229
3733
1197
2812
3215
1405
1850
4889
3151
2501
5968
6003
3328
3603
3215
1483
5009
4697
8899
8286
1209
5117
9057
3871
8912
1645
2276
3145
132
5099
5338
2401
7342
5719
1950
3255
1711
35
8850
838
9785
9192
1101
6127
6079
2600
4453
2620
6830
9913
9811
7204
8198
673
3420
6716
4102
4439
2047
2327
465
3764
2892
9062
8654
1280
8130
2888
8735
6674
497
6525
957
9056
1618
2541
3370
3554
742
6714
2335
7716
5981
2146
8314
3058
6721
8512
3106
126
3694
4446
5300
2480
9363
3157
4677
8713
7651
9091
2876
1673
5926
349
4554
3357
4844
5871
5937
5055
6894
4341
8330
168
2828
7971
6623
4494
7210
4406
874
3638
1140
635
983
8248
8901
7540
7230
8022
8260
8799
243
8557
8302
8768
6301
1075
6635
97
4053
3480
312
2830
4706
1243
2747
6823
7333
4568
9189
7035
3801
456
4272
6275
9608
3397
7444
628
1355
5615
6013
8485
3000
8104
3249
5337
4426
4549
5567
2495
6068
6906
3641
7771
1029
6974
6204
479
19
9752
8404
3351
4511
9860
3517
1163
9805
4154
7705
5104
7396
3733
4263
7101
3567
3353
842
5558
511
7214
3005
2533
2688
5042
2541
8820
4575
750
6629
3692
1255
3347
6235
4790
1363
8486
8882
9795
2164
9178
3598
419
1130
4334
6508
4484
6229
9753
3382
495
6866
8663
1282
3115
9685
758
9677
3367
7392
1703
1758
9661
6160
7831
122
7978
5321
7263
8580
9766
8980
7225
7172
8771
5797
4641
2390
1817
1934
1995
5893
8486
3885
4137
941
5306
5851
5033
3171
6882
5179
8402
1722
6551
8871
5379
9832
4877
4037
7297
191
8649
350
9718
3370
4904
3036
6436
4559
118
4415
127
9770
3616
3674
5668
9160
5214
2125
3272
4324
7674
2974
55
3677
742
9032
6465
3261
2076
5967
4601
7728
9897
1590
877
9541
801
3277
3197
7709
4082
9567
8830
9625
3038
625
8349
1800
7302
1926
7050
2937
388
7162
587
4355
4642
7860
4250
9220
2258
9617
1280
2112
7240
2582
1867
6338
3302
2348
5008
6862
8179
2164
2569
1288
7716
8768
8860
9544
7906
750
8115
4803
8643
2646
633
5634
4709
2842
8493
3999
4396
424
7585
9438
7531
8156
7615
5641
5598
4638
2327
6126
2878
3189
7262
2170
7333
4081
5599
6222
8800
8046
7396
9201
2023
4755
2799
1481
9712
8663
5278
8341
5889
8139
2177
9177
4631
7362
298
3088
9966
110
5618
9310
9300
4805
2574
7142
1399
2682
1849
3146
1360
5031
9147
8859
6116
6111
1891
5728
6083
4503
5462
5692
6006
7419
669
443
3994
3745
5821
1628
1197
6718
7825
1350
9393
3232
8260
2423
4439
3698
8714
9677
1566
2130
4416
19
9807
5262
1584
8763
6900
5815
5635
7173
112
9457
3177
7465
7018
6295
1806
5631
3076
5643
1261
9501
4135
9434
7517
5969
6313
922
213
5781
8545
1156
7755
3201
6237
6032
2885
5837
8442
2508
6260
1361
3788
2965
9301
1524
6945
8548
1840
5702
5390
8970
702
4849
4546
5183
2075
4948
8157
8323
4593
5923
5439
8179
9420
1011
2918
441
4570
172
6757
4446
3603
9004
6713
3182
8839
7504
9700
1378
4946
7141
9715
3443
2894
8109
4447
4162
9482
4737
9964
5178
8499
3538
9041
7100
3629
6114
9523
6453
1652
6665
3099
8754
980
1598
8461
5390
7435
7559
552
5434
6033
450
8401
2676
3713
6826
5445
9968
377
6250
1991
2718
2307
9629
1771
7233
4227
8796
7536
6141
5285
4922
2863
4614
4879
997
7981
6674
501
8867
1639
6981
2695
4940
7579
1900
1895
856
238
4039
8554
483
1423
1940
1406
3615
5269
2438
9910
9810
9466
5625
1476
7740
5414
8663
1862
6823
3120
2042
9093
3196
160
4654
6862
6847
6068
9428
7927
9439
9991
6661
1396
3856
6520
8933
8910
6183
2383
4795
8275
955
1515
7850
487
1373
6526
8895
9715
3465
8582
696
7251
7533
306
2428
9620
6297
1796
7937
2909
8040
575
70
8264
4666
5102
8905
2754
1204
5000
1318
7631
2716
6062
456
7266
7795
8625
3243
1538
1982
8551
5234
8958
9935
6305
7085
6939
7960
250
2503
9061
5226
9900
3599
8806
9855
9719
832
1687
8388
6375
2235
4833
4630
7138
5604
368
1483
727
6701
9245
4726
2972
434
1819
6833
1595
830
6926
515
292
9428
8482
1252
8731
2443
5432
348
4829
8327
1011
885
7811
2297
9287
3555
1643
5111
4342
4950
8428
1947
85
6445
346
3578
8875
6946
7136
4249
4671
4529
3838
8242
5184
7744
4137
1720
3665
2066
6643
5838
255
6200
5323
4154
4343
7490
1382
6455
6947
7324
7106
95
3370
3679
2162
2108
5707
5085
3380
4972
6645
4081
3364
4205
5408
7853
4045
9870
9977
1503
1385
1551
2800
5583
8600
1737
6546
3089
4871
7041
8532
4655
5233
1691
5999
3721
4658
5080
878
4501
6339
4734
9338
8237
8060
4149
3064
3452
1485
9988
6554
4553
6500
6530
3737
9812
5578
8011
2936
2144
525
2514
378
7354
8127
7755
1194
6353
4600
8419
3622
7957
5604
9868
9314
3838
3394
2697
7387
8261
5620
3239
9321
4406
937
4124
7579
2452
7366
248
8907
6704
8497
3070
3201
2774
4205
9151
5804
1448
3937
816
997
5745
8255
8936
2388
6245
2584
7594
2358
9270
8114
2885
569
9818
3068
1516
8039
9224
9069
9266
4841
7856
3451
1952
9022
3279
6529
9453
3852
8217
6069
7694
6444
4304
7538
4726
2937
8083
378
4529
4883
7135
2149
3401
1620
3420
2629
204
7004
7818
9885
5043
2042
9932
9310
8764
7251
4222
2138
8306
9561
4998
807
7537
7479
5406
8552
9872
8869
3027
8098
1673
9407
413
2917
8415
1759
7478
9291
8796
2364
5267
4681
3602
7475
7180
6727
7156
1478
7709
9797
9673
4775
9461
1253
9006
4888
8778
6687
310
2454
4726
2852
962
4543
8027
7512
2531
8695
1197
264
6619
6090
8388
3964
6688
5021
2852
5410
1996
3142
1276
3387
3376
543
9505
3382
6088
3143
2999
2438
8920
6717
4124
4645
9213
8656
5455
6059
1602
133
9825
9191
9695
5806
8999
1763
9327
3257
5542
7170
7607
3835
7074
4029
9759
3733
7450
5805
4276
4939
6916
1434
666
8629
3948
6892
7782
5448
6976
7577
1874
2651
4040
2086
7277
4747
194
6697
6864
279
739
6887
7997
2191
3039
8955
9270
2082
5631
5655
7053
8633
2608
6949
1906
4661
6023
959
8094
838
4366
9686
2773
5774
3412
7560
2712
3292
5559
1348
1360
1279
9292
7631
6664
2884
3699
3731
1490
8831
9031
6091
9195
1849
8414
6216
1703
7480
6210
2713
5419
8534
2127
5391
6877
8841
909
6284
5509
1306
6640
9120
2155
7155
5854
3166
5899
2413
3384
7670
8735
2941
560
5186
5469
2252
4572
9429
5535
8782
2251
4587
6439
4549
4556
4443
3670
5072
4458
3885
3844
6501
9237
5661
7379
2327
6364
3974
4900
155
3699
645
9314
5185
7095
9897
6319
9087
507
1462
6547
7541
1563
1301
188
5604
6195
8458
6509
8519
7711
1892
4613
7760
9033
5320
9443
2187
5363
8354
6369
2256
4814
9196
7359
3838
7391
9131
847
729
8709
2775
2983
5557
4309
245
562
1850
291
8816
1483
8948
613
4659
9574
3687
8659
8748
1683
6199
6974
7210
2889
6742
832
2126
9783
4185
9739
1094
892
4759
717
3188
6205
7296
836
9869
4488
4357
4714
1634
1115
8732
7639
688
2994
171
371
5176
14
1307
5467
8378
5678
3087
5325
1581
3511
9521
3837
8603
7327
3680
4984
9159
8117
4992
8609
4879
8914
7547
6709
3666
2414
278
498
6858
2019
6564
1164
1452
2633
5718
8786
72
9613
3996
7764
7433
536
4758
732
9536
8354
9196
1602
440
8441
1705
3627
5502
9983
3509
9151
3794
6155
4483
2468
575
8088
4098
3743
8970
4340
1400
3599
2175
8116
2417
9664
6082
1418
9889
4155
6943
7919
3943
4445
5777
2981
3831
6216
7453
1250
2665
4617
1966
5380
4512
8854
1309
9027
7227
784
1437
8306
5821
357
3371
6101
4459
1183
3686
9316
1409
5334
8399
7220
2078
3933
1927
7241
4493
5933
2559
3527
4390
2165
5027
341
6936
1456
9946
3889
3616
161
6541
6248
2449
8926
2523
4929
7501
516
2609
9594
7871
1149
4780
8604
4673
6853
2638
7642
770
7429
6377
785
2390
3563
7572
2161
5828
5794
9520
9990
9233
9655
9611
5714
5622
8810
9301
334
8415
5562
6592
6498
1753
3604
3714
4056
3074
2880
645
8058
1933
2134
2455
2359
5515
8220
8175
1019
8845
2733
1886
9282
9695
877
5742
5407
2201
4479
2875
464
7175
5132
2870
5517
4640
4466
82
1888
9443
1960
7383
8090
1678
7029
1314
2226
6414
6827
1469
1622
4091
878
4385
4716
9361
9073
2172
9179
3098
1036
7932
3386
6926
8079
1759
2381
3122
2631
3179
4225
2162
5047
2069
7576
8679
1635
5044
2642
6426
9458
7970
5217
5943
5346
6820
3517
9469
8806
321
9797
1618
6140
1753
4936
7097
8155
1871
9841
781
1702
3291
217
3248
1603
4197
4661
8417
699
9321
7454
2418
9795
6052
4569
1002
6648
9745
9700
1160
5854
3024
6104
7363
1514
3418
9833
4732
3317
1979
6626
3919
9815
1886
3605
6466
2988
74
3267
3769
7723
4131
7562
5160
4526
2466
6489
5137
8689
2860
3046
8692
9404
60
7403
8793
2098
7043
1472
7730
3677
7956
9969
4567
8174
5664
8931
1788
1708
2539
5834
5926
1972
7079
9950
8231
2565
3833
2700
3672
8119
4332
7742
1117
5783
7662
8559
4005
3315
8685
27
1212
8631
7746
4607
6445
2864
1644
2200
4943
9873
8166
9264
6240
8611
94
9263
2591
5707
1666
8248
5905
4604
309
4911
927
4290
746
1062
5719
6617
9672
8797
9747
6316
7655
5291
2649
6981
6832
2816
3243
3526
7494
2032
208
4029
9490
4141
4535
2015
6252
582
6546
8047
1266
7277
1350
4727
4049
2386
9344
2349
631
8613
5256
8662
9392
6013
8302
8169
5653
8499
6351
3830
1176
4236
5071
3315
9083
3431
3191
4674
2085
4921
3379
5362
7062
2273
6926
8678
137
2894
2514
1589
5034
8236
6225
1960
6546
7347
3925
7936
9854
3829
3727
6343
8988
8591
5185
5407
6131
8919
7785
2958
1022
4871
3130
9410
5161
2913
4640
1593
5710
9472
9554
4384
917
2114
8014
6099
6016
7882
3633
9270
3663
6025
8274
5393
1939
3267
4519
9343
2804
229
2992
8389
1339
2543
2508
7494
5041
5957
8777
5096
7714
5506
7777
4939
3235
9365
6454
6898
1245
3034
493
7884
6813
6187
6413
3679
6231
3317
6584
592
9158
6662
8165
5195
7285
2962
9007
1590
751
5693
4918
6558
26
2020
3172
4682
4938
5091
8678
7200
5573
4671
4615
747
8358
7318
3168
684
5992
414
8617
178
197
9138
1742
7740
3603
6220
6827
4804
3148
4615
4711
4771
1946
1687
3769
5955
5906
1988
9803
2365
8559
699
1561
3422
2680
1775
4975
5914
7338
8682
9506
1593
4778
8123
8353
7529
4480
4843
6553
4994
6953
2071
1705
8937
4968
3771
4956
929
3744
8446
7601
9211
289
7853
2903
5650
1666
1953
1227
3418
2820
4551
5948
2411
4225
2993
9010
2368
1032
5597
8044
2123
7607
7205
3546
6316
9127
9515
9842
3857
7806
4176
3393
8296
2825
9970
7559
8235
7863
907
2457
369
4117
4820
8776
1353
6918
1406
4018
2526
7613
6585
9803
3854
828
3645
509
7652
2988
1869
1427
5940
9273
6306
2178
6321
2165
9490
4098
1033
170
3587
3767
4142
5597
2216
359
6583
2863
3041
8669
7430
1301
5188
8711
6497
3719
5577
5194
9654
8963
8668
198
9435
5477
9985
5384
4934
451
746
9546
4172
925
3795
9865
7846
8694
7543
3299
1069
662
5870
8534
3903
2603
9566
4610
4522
8719
9230
6003
8934
8645
111
8868
6071
8238
1149
4772
5928
6347
7959
7928
7036
7664
8335
7280
6111
7305
517
9240
5467
4242
178
9951
7906
2097
8513
7115
7814
6213
3228
8886
2074
5014
1861
1397
8294
8188
8581
9678
1656
8620
9562
533
1038
3363
2190
3881
5681
4459
3855
5052
9460
8599
5380
6657
1948
6499
9990
9540
3207
4885
8716
7691
8557
6859
2387
3987
1743
7936
4478
3132
3129
6064
6362
6086
4844
5061
5849
3742
2234
5470
8812
8950
1275
2951
915
7291
405
3875
9802
4606
5675
2781
7393
9404
925
1342
738
3420
4864
1363
4913
8877
8801
6017
7632
9829
6412
1070
6563
1670
2149
9031
4151
9614
3544
7170
5368
6255
8523
9236
205
4972
2086
5731
4723
3633
2711
8972
7673
1785
6977
5763
9762
7498
6337
7302
132
9507
8256
1915
2106
9965
3732
9808
9196
9270
8312
3792
7410
3455
5074
2963
6244
4191
4178
2195
3389
689
1122
2812
6925
4888
167
850
5915
8388
9966
6824
3343
4576
7233
656
8515
3720
6898
6751
8612
8626
3707
4180
7965
1609
7121
3838
7994
4221
391
233
9597
2926
8430
5569
8078
5193
5057
4812
4283
4192
8992
3466
7735
1921
3607
3231
6445
4074
29
5758
4856
6730
3504
2416
2862
7729
4210
6977
9167
8477
2149
4684
1266
6312
8077
3327
9147
7890
6141
4255
745
6982
2793
6127
7173
781
7807
9552
742
7599
1409
9501
689
9479
4717
650
826
6740
740
5005
3609
7742
645
3185
8653
4491
8346
4894
5768
821
5101
1069
2620
7242
962
9741
5897
9042
8422
8376
4145
85
9261
6213
670
3492
6792
2769
858
9849
8018
4635
7286
8620
5785
4270
7053
6932
5784
1965
1948
825
1772
5502
7497
1203
3658
3469
2212
2823
2443
304
2786
1101
8574
7388
10
4021
7252
6692
6671
4823
9852
4667
4368
5077
8648
1129
3057
6586
9137
1749
5044
3999
2995
3494
1319
5872
8281
1852
4207
588
7440
684
6942
950
5184
8448
544
2265
7076
2278
3363
3815
9090
880
5122
3120
7982
8558
7509
3732
2601
9074
8060
9044
8045
5784
1734
3508
1696
6195
3991
499
5917
7395
7354
3744
8589
2751
3612
6221
6979
4585
7060
88
8107
4840
5945
6761
2043
9029
6129
1478
2160
3632
4498
4978
4442
8125
2102
5935
5013
6306
5060
529
3167
3327
5825
5387
6478
5342
2718
9927
5143
2035
8908
6843
4961
7793
2552
8495
5550
7799
8926
7947
2100
5157
4662
7225
7428
2600
8921
7807
1817
9263
6063
1477
6003
9572
3835
6143
8266
8376
698
3320
228
9784
9558
305
1648
2983
1508
5080
4522
2585
8997
3548
9059
7244
7842
4104
9240
122
6643
6484
959
3702
9434
9489
4911
9918
2658
9512
7465
3421
4074
7116
5020
6474
5783
6837
6846
4551
8695
4801
1975
6153
8814
1453
1573
1672
6791
1642
1890
7088
5983
9548
8733
4648
993
1891
8307
605
2112
36
672
6921
4468
9224
5067
5396
304
6838
1780
2227
2860
7366
368
5138
4794
2144
7804
1179
5261
9521
7517
8822
8516
9165
905
2585
476
3756
2028
579
4275
2833
7253
5476
6489
3084
5019
8290
2450
7447
7673
9373
7573
2160
5785
5994
3852
7768
9245
4330
8137
6185
608
3960
5701
6701
6153
4081
8162
4427
6964
3809
3953
6570
2084
8888
431
7563
7325
3941
4375
7361
595
4216
1090
6693
8739
4846
8327
7365
1159
8711
2634
141
4496
7609
9863
9043
6222
7616
1906
7807
3726
5987
7717
309
6264
5470
5430
3509
1668
363
6397
6559
762
4543
6227
4058
3412
9254
6305
8323
92
3926
9514
9000
8788
5644
3923
4453
2835
553
4577
551
4249
6328
467
5234
5528
88
1179
4374
9570
3795
6427
9003
3296
7357
7281
2181
1105
1175
9657
4216
9757
1759
3294
854
2511
5091
6147
5608
3761
8907
1579
7148
6773
3486
9349
1401
5731
7455
5732
9749
5144
6694
2673
2533
5636
9281
9354
9408
1645
2760
7478
3226
3288
379
2317
3583
4212
8510
7036
7678
4271
4664
1910
1375
5169
9774
8841
43
1986
6270
5527
8229
1146
6745
9384
9243
8105
4930
1605
5223
7714
6052
1238
177
4975
4838
792
6967
9704
896
3084
1239
1427
6993
5206
6896
9853
1167
9146
6497
7914
491
1792
5046
3985
5388
2196
4613
6417
8383
3812
7328
9884
7790
8873
9637
4129
2180
845
9222
4904
1270
8471
8872
98
2583
3851
1990
5354
8734
7288
6997
2054
6745
3543
3951
9359
2130
4017
146
5564
4871
8507
818
8413
2145
8424
4231
1832
2976
5493
1834
2744
4949
7413
5818
1528
6398
2363
4763
7711
2251
5786
4851
4266
7378
3216
6648
6547
4308
8488
872
7256
7460
3811
2612
7419
2097
9343
1177
5240
3081
7381
928
2390
9313
9907
2557
4339
3590
8233
2500
9119
5934
3948
4566
4396
2586
2470
7387
4573
5211
1859
3
3135
5923
6160
2854
9195
819
4703
4051
5565
1335
7741
8580
9856
6001
8582
8587
3981
224
3184
7990
5612
4750
5409
777
9475
9966
6836
3580
8000
5132
267
4254
2284
262
1198
3121
943
3509
2168
7532
4255
2390
7205
1543
6537
9288
5222
4828
6881
5405
270
3182
7057
2316
9019
9500
1146
5725
8789
9174
7178
612
8694
7507
9703
3111
6454
4431
8187
7670
4284
1095
6366
1931
11
6436
3202
3938
6737
6631
1949
8078
9976
5993
7551
5458
1424
2516
7661
8244
3318
94
8401
9058
2536
5013
3303
7658
1061
8422
9456
4855
151
2220
2810
6225
7449
7801
5529
671
7110
625
7623
2706
2374
1324
753
7146
788
6976
4703
2045
2073
3482
4005
1119
8325
241
9104
1676
126
7181
7968
9662
9287
6054
5424
34
9362
4325
1141
2757
7364
4473
681
4569
8394
6323
4328
3142
3523
5317
9325
3152
5622
8015
5738
4259
4806
7173
5935
6663
9668
8130
3919
2464
9156
626
155
5828
395
327
8330
9637
2925
3379
3677
4557
4414
6293
4046
7120
9167
8161
9691
5875
3370
2235
9502
3559
3898
5289
4653
5961
7418
45
3587
5739
764
4182
3118
1394
1719
2727
1610
7300
7353
2856
6439
408
3159
5239
6347
4938
3692
9722
128
5104
7360
7844
3580
5083
2017
1694
3931
2054
1323
876
7888
5999
143
703
3746
4368
1612
5585
6046
4914
6990
2054
4645
54
4752
4828
9311
6868
6383
8922
704
8149
3572
5856
7599
305
6087
5588
5867
6393
608
4854
1947
5511
4194
6684
8330
3633
9471
6093
5052
4837
771
8377
1620
509
5928
8024
2755
1388
1827
312
6952
4973
5293
8375
9515
2654
8099
9276
4665
833
9818
8467
2260
6882
7891
6442
3916
9020
5192
3902
9299
730
8188
8780
3559
8252
8135
5207
2434
3793
2312
1069
1742
105
8533
5948
2200
8466
1782
4486
7481
3160
8274
5339
8016
9775
5016
6019
701
1725
2654
3636
785
1527
3307
4999
895
9749
7458
1886
2862
3028
5751
5788
2486
623
1652
9024
6082
6247
2828
8856
261
4780
3347
8418
3808
356
7812
8134
2313
1816
8236
4635
3302
3941
5716
1768
6370
9479
1778
3303
9792
8621
8200
3354
6630
6764
9468
9716
5810
3098
756
666
4257
476
2407
7332
3596
1621
9321
7524
5126
7058
5901
9905
9380
5520
2105
4420
7757
8950
5163
5076
2601
4327
9015
8494
3317
743
335
7296
6181
4662
6463
8011
6660
8199
9811
2771
2788
4772
6200
6064
1767
3490
3061
7410
3934
3384
3420
1767
1699
8590
1528
8895
3880
7073
5814
3725
2100
7784
7561
1137
9310
4230
3468
2624
2145
100
3415
7393
8402
6493
7996
8103
2041
8242
212
3147
2032
3579
911
7822
3392
6334
9917
3341
7740
5030
3990
8789
8774
368
1918
7147
1491
1364
186
4988
774
3558
7248
7945
9675
1218
2263
4679
9876
4144
8765
5951
6679
8507
9692
8228
6258
2258
872
6484
1792
3642
9500
1280
7782
1600
2432
2168
9827
5758
2320
3006
3860
1263
9717
7407
9362
5760
5621
8659
1598
7410
4700
4305
9920
5087
9353
4999
4177
7414
7727
6033
4383
826
6501
5601
5072
9691
9361
3116
4790
2723
7988
4679
561
5695
9908
951
1581
495
830
685
6350
7099
8480
3436
3974
7778
2824
5660
9551
561
5265
1634
89
1737
936
2439
4139
8540
254
4782
2229
8502
8704
3793
6617
770
4926
2271
4528
8928
8603
2292
4605
7261
3120
1469
9774
8801
5188
522
541
4578
6568
748
5734
8687
4287
9769
9630
6357
6957
8778
2760
1739
6417
6121
2584
4756
935
6672
7011
1467
7949
4275
6741
5083
3147
4774
6708
37
6928
1105
7059
7511
4485
8159
7487
1730
4200
77
4830
2889
8143
7651
227
3993
1683
1275
8462
7742
5357
8656
6696
7659
805
4885
804
9912
5150
9376
8925
3357
2122
8102
2338
6321
8368
9133
1373
7300
838
9724
3743
7
2111
5751
977
8119
8204
9736
8175
7099
966
7345
1824
8540
5114
1520
1848
7963
8774
8049
3939
5109
9814
2088
6142
530
775
5032
1433
6872
7466
7824
491
6680
1422
1467
8875
571
230
3646
8767
5411
5548
6189
2552
1104
6279
6576
5562
6986
196
9623
1284
2999
4030
4138
5134
9843
1445
8657
9493
6224
9766
8354
6848
8124
8486
6801
9163
4255
5680
1069
6345
2762
3302
9524
8251
4906
1079
4
7790
5008
33
9946
1135
4432
2877
3181
9114
5960
7961
8061
2933
1158
3251
7781
2954
3714
1956
3220
8457
7999
3360
7845
6982
1540
2431
6781
9951
3543
1019
5259
5283
1813
9346
1035
7508
6677
6276
3886
1064
4894
3716
2137
2232
6618
9030
8256
4225
4267
5922
5098
6807
6263
4242
5219
7583
9079
8681
6858
9405
5701
1896
9754
2247
5286
7019
7646
4783
4133
8869
4336
8014
2795
1942
9726
8025
4553
2304
7132
6429
9182
4529
5781
9961
8580
7621
4258
7260
1741
5604
7903
3930
9536
6640
4934
3933
9193
7699
914
1235
8642
5039
4341
7182
2749
4583
8078
5729
1437
4253
6032
3135
8042
571
6141
1798
4413
8003
2231
8170
3366
993
1768
8091
1397
9327
200
5912
9107
9327
9205
8419
5532
5254
4669
3289
3966
5582
97
3434
7781
6034
8553
5484
5057
3449
4141
8860
8110
3868
218
1693
1221
9439
4966
8360
678
34
6566
8906
6284
5153
6201
5100
8441
12
1605
3298
244
4596
3277
5539
5928
1750
877
9716
4383
3514
9777
9553
1794
156
7892
5022
2238
6683
6731
6489
6249
1207
4088
9034
1720
5206
7912
6938
5232
4641
8000
1194
7943
842
5131
5938
5040
353
1011
7989
2804
1050
5641
7094
6794
2444
2095
4642
7827
2213
2180
9712
6459
7129
10
6334
8876
1367
7829
9910
5923
5658
6864
6126
7674
4929
5711
2191
2564
5490
1058
3301
8025
9475
6198
1358
8694
5458
4921
7446
4452
1455
6464
9055
6306
5345
6306
4246
109
3815
3391
78
637
5871
2502
4328
6218
3246
1851
7113
6798
3184
9917
8472
728
8035
852
1065
9058
5375
8280
3191
404
2074
7325
5429
1389
455
3819
637
6619
8903
2782
655
4362
4968
379
1823
589
6126
6427
694
7522
1197
8944
6344
5572
8612
9548
4163
8538
2092
8903
6324
8662
8158
8872
9747
6786
4714
5745
3780
7615
9840
3294
5136
7017
580
9412
8782
9455
2041
9304
2049
4701
9664
6315
9620
9652
3658
2446
881
2240
233
440
8571
7176
7254
1335
2983
6812
7160
4153
3508
5436
5334
7048
6536
1845
6497
8336
2949
555
3966
6052
657
3803
7003
8709
115
9349
8663
7182
623
2723
4566
5730
6789
3423
9847
8291
3860
5801
5972
9075
5501
2173
3082
3991
5662
1679
5940
6754
2502
8588
9223
3091
2769
6410
5704
5143
9906
3978
4202
75
7201
6052
8660
5098
3498
1338
2280
6521
8576
4445
5869
4986
1524
1147
1023
2398
6885
7734
6769
602
4042
8175
4117
584
5102
5617
7008
9371
5380
6770
2896
7292
7059
5960
2000
9924
7947
4250
6342
77
9665
6899
4500
3418
8087
9652
246
7860
9275
1395
5396
2235
9918
6535
3905
1600
7634
2719
8948
1496
4813
1746
8059
9504
3069
3201
719
931
7195
7022
3505
46
8629
6541
40
2919
3779
7883
5939
1462
8745
6550
3008
5260
2325
7051
15
2207
7594
3906
1318
739
5608
41
2523
5362
6461
7220
1631
8723
5120
7630
5473
451
5996
7722
4588
377
1493
6605
475
7449
3891
8145
7400
2363
7428
9304
8040
8438
5772
4764
8940
8591
3013
2442
4336
9627
5676
2618
6673
5827
6835
6549
5795
9344
799
1607
2102
5559
5301
5958
6422
1620
5890
7702
7179
7694
2666
1078
6600
3968
8582
6490
4433
8705
726
4025
779
2443
1323
371
8799
6436
9736
3396
8978
6502
6159
5546
4438
2106
1686
5126
3886
8405
1065
4295
5398
2870
6848
4376
2580
1321
2137
4396
5756
629
2352
4501
7747
3541
9134
6716
7474
4608
6789
2791
8951
2765
1979
5195
9369
8556
6778
2018
8460
4217
2726
7868
2221
6499
9683
5131
1007
4692
6072
266
3826
1707
5744
8102
2024
6441
6454
8389
3686
4928
3860
2708
8501
1324
5800
7038
6064
9888
6165
2540
6218
9563
1971
7634
5315
6408
3654
3432
629
4870
973
7758
3353
2616
9301
4910
673
8508
3834
8520
7423
5607
8877
6836
9475
6545
9972
4901
3278
69
8912
185
9879
7363
7311
6528
1512
9994
2638
5512
4210
6906
1260
819
3739
6892
7634
6953
5821
8553
1154
2530
4550
3448
2796
8434
1067
1949
3774
119
8792
6539
2087
1153
2148
6857
2768
2087
7643
276
5020
3390
944
6102
2107
9885
6565
7329
9187
291
4766
9489
5063
4891
8598
5342
2139
4269
7354
2438
9394
8928
7311
8605
464
3234
7549
9017
8503
974
9044
1880
3365
4041
7089
6697
553
9307
2853
6810
6048
694
2912
6052
9042
4062
9764
9190
8253
1401
7769
447
3062
3122
5223
8474
626
8049
6724
5584
2366
375
6340
3729
2031
3108
2920
7029
3488
8076
3426
9442
8708
5691
1441
49
1099
1818
7356
8810
7495
8530
210
4417
2624
2771
9731
2157
7249
3936
8276
6597
4589
9752
4306
9923
6238
1709
6529
7954
3695
432
1065
4161
4478
9112
1793
5131
5325
9819
2044
5748
8278
103
9998
3787
1068
2208
9959
4988
3495
8190
9317
7460
2684
9900
9444
5033
8799
3014
4846
2911
7266
4543
544
7389
5654
1751
4288
2913
2125
2618
4404
3304
7525
9109
4083
6147
7500
5150
6752
816
2342
6444
3531
8220
7407
8144
6107
7656
6157
813
7059
119
5572
2770
5067
8917
6990
5376
4063
4980
5834
3902
958
1070
3528
3733
5210
9528
10
975
6395
7621
4473
4359
8099
3273
7906
8118
9145
9248
8606
8376
6230
3909
1095
8309
3006
4171
2894
461
8935
8482
5246
1259
784
5379
5128
9210
228
7206
9689
8531
3673
9810
7312
1600
5249
6022
7016
8454
3027
6711
7077
1774
1347
4948
5524
8142
9063
9530
31
3775
9700
8277
7162
9253
3373
7669
5475
1829
5480
2729
4094
6342
4522
3525
2074
9042
1305
9169
4702
4615
5942
2653
5303
2349
9008
7332
9103
1974
7499
7725
7047
131
6845
7489
8578
2818
3228
1526
6602
7700
2767
3049
9087
7265
9117
5848
4385
1620
5702
1508
9183
9124
8309
5053
5691
9879
7053
81
7234
4562
1551
6075
1528
4311
8021
8395
1890
9604
42
3319
9495
6631
7065
4901
8606
6835
9535
3374
2381
2680
5043
2808
8240
9567
8496
348
3767
4318
4183
4496
1166
8075
5883
6790
5107
7573
4460
8031
9617
5601
8734
6987
6780
8160
137
9301
7267
1130
1853
5983
2880
7560
1538
4888
4241
8614
2242
7964
5642
171
4320
6507
8645
1750
2567
1431
8760
8256
9195
439
9234
1978
3347
8935
310
280
4456
8571
4119
5743
3910
823
4274
9006
5740
669
1906
5253
6970
3776
8431
5390
9448
5855
941
5653
1588
1921
9595
5523
7671
2922
9491
1011
9561
2730
8306
3096
2896
9507
9924
7019
2856
1795
3912
3222
5345
3303
8818
6617
485
8205
7012
2323
5115
6401
2442
2402
4698
7666
9245
9643
2531
8937
7778
7798
1421
548
6920
2785
7135
8489
3464
9828
1368
4025
8394
203
1873
1905
9625
3941
4247
8297
9144
556
1692
5645
3029
5152
8497
7152
9495
5422
8396
9596
2759
4386
2919
461
7971
300
5123
4306
4572
7763
8965
3016
7107
6289
1670
9752
3606
498
873
3313
8738
5995
7327
5178
9113
8656
7562
8528
6332
4520
8342
5326
5429
7104
5216
8222
5398
1313
993
2287
2938
7230
8656
4424
1954
4128
2083
5810
8382
6157
7700
3383
2501
2131
7623
8801
3361
8492
3762
3240
5396
5133
8148
8453
6141
5094
9572
8709
7034
7291
8442
108
7155
1116
7963
2146
2122
1641
3835
4321
9326
3909
8192
5554
2950
2189
7770
3917
7839
7207
5086
8004
2447
8009
4636
8796
5791
3787
6881
4455
7311
2033
303
3642
2275
2883
6839
5649
2126
2679
1385
7569
4372
2852
1979
7630
1330
5674
1521
6566
9822
9570