200 123
-7300
-1055
-1431
-2344
793
3603
2035
-6919
-3407
883
2102
-4785
-7042
-1863
3169
1491
-913
8495
-2039
3282
1107
-4754
-4458
4512
-4744
1229
3739
479
288
-9106
-2641
-1613
7646
-4414
-2081
-5387
-538
483
-2381
956
-492
6101
-1605
-425
3894
-4111
-6038
482
-6398
-3038
2836
207
4755
-6999
662
1364
1154
5129
710
-6721
744
-191
3560
2034
-7817
-5682
351
-2267
-5740
2896
666
5133
3763
1321
-1349
-7143
2949
-2281
1619
-629
5889
-797
-642
-3494
1109
1839
4
-8682
1799
763
1269
-671
-1416
-5415
1287
6498
2324
2602
4191
2894
-1779
-6804
4453
-1616
1400
6371
5324
-8779
-2223
-3021
1812
-1134
-3674
1732
-2231
5221
-949
-4549
-164
-3236
1369
-5089
2526
2578
-3301
260
-4015
3828
-906
2389
6788
-1853
6176
-8926
4298
-5865
772
2375
-2710
2081
-6040
1693
7190
6480
7631
6529
3773
3402
-5872
-4646
-441
-56
-3113
2345
7307
-1771
5285
849
-4057
-836
-4868
-482
7461
-5
-533
-6
4186
8577
3787
-6582
-1147
-6138
4977
-353
-1323
-143
1741
-549
-1254
-3584
4456
5254
4657
2038
-4337
-1060
3647
1982
968
6647
-5827
766
1049
-6089
-314
1587
1051
5240
82
2009
