2024
74 67 67
13 13 13
54 100 100
53 100 75
97 88 100
88 12 84
64 47 55
15 35 28
11 14 13
27 15 37
90 87 26
5 8 4
37 27 30
4 4 3
54 47 65
30 29 30
33 25 21
31 28 33
43 42 35
47 7 19
15 2 8
61 71 100
57 86 58
84 37 100
8 4 3
100 76 100
99 100 80
55 26 50
38 44 65
28 39 23
78 51 98
20 13 12
52 67 27
88 71 39
57 60 41
70 98 53
36 29 28
28 32 20
35 44 39
73 50 36
21 11 32
62 57 25
43 40 88
25 20 22
12 46 31
78 5 23
28 49 45
3 2 3
16 24 33
67 54 45
34 31 18
24 25 48
41 9 44
21 18 12
87 82 57
86 100 50
51 47 38
100 22 78
3 3 3
30 29 20
30 100 80
19 25 30
50 72 63
15 20 16
75 53 53
100 78 100
11 20 23
77 100 100
60 70 100
71 61 88
4 3 5
14 17 14
80 91 73
5 8 7
66 61 34
41 85 52
12 4 19
54 47 68
69 68 75
67 42 25
100 91 47
17 23 27
19 28 54
16 13 14
75 45 25
86 76 92
7 15 16
62 63 67
100 82 83
100 59 99
89 26 27
30 5 25
84 85 85
58 91 80
62 96 100
18 18 13
28 37 38
26 37 45
51 22 56
2 2 1
96 86 40
22 21 52
56 28 65
68 69 84
77 89 44
50 15 49
29 18 29
64 60 67
23 18 7
2 3 2
29 51 62
20 11 31
24 28 25
47 99 59
4 6 5
14 12 10
20 43 19
100 99 41
84 78 58
22 13 25
31 27 30
5 3 3
15 4 11
5 6 8
25 15 8
26 44 38
100 62 100
47 68 48
34 57 28
48 45 33
40 67 38
22 100 70
43 53 100
79 46 66
39 80 32
7 3 9
26 18 21
43 22 32
100 89 89
42 37 44
10 29 27
3 4 5
50 60 46
42 35 56
58 49 50
13 10 11
61 89 59
66 31 28
33 65 40
15 30 17
52 32 12
12 15 14
63 98 57
13 3 8
100 93 100
72 54 37
85 45 80
24 39 29
14 34 24
2 2 4
100 100 81
15 14 14
70 43 28
100 70 89
83 87 21
2 1 8
100 75 24
65 55 72
36 36 100
59 49 88
5 10 10
23 17 14
76 96 59
16 52 43
6 1 9
48 45 23
100 12 89
20 34 23
51 41 49
19 17 1
31 11 25
45 66 58
16 34 30
9 6 3
43 58 24
40 23 43
46 65 61
13 21 11
69 64 39
10 6 6
11 63 76
40 55 31
35 39 33
20 22 26
64 82 70
42 24 36
13 13 12
79 46 33
38 31 27
100 95 100
67 44 41
61 100 100
13 25 22
2 4 4
47 30 24
19 8 15
100 100 71
45 35 47
87 86 100
37 30 35
13 6 8
29 46 53
100 88 96
44 28 39
66 67 61
3 1 3
47 41 38
75 68 100
20 33 12
81 58 76
4 9 4
18 16 22
31 15 13
6 8 7
58 92 100
72 59 82
19 15 31
70 39 25
18 31 7
39 26 41
62 34 100
5 5 6
23 32 25
3 71 39
24 20 19
77 76 81
6 12 13
56 46 52
92 90 100
14 26 23
41 27 35
33 21 58
45 24 51
100 100 84
62 65 60
36 48 41
45 58 43
63 85 62
92 41 100
42 16 22
49 70 44
7 4 11
80 100 86
62 26 73
34 16 32
75 50 64
9 13 9
9 5 5
38 97 47
66 76 100
56 42 31
45 28 34
39 44 44
72 100 68
3 3 2
69 96 74
100 73 79
41 37 34
47 46 79
74 48 56
28 16 24
78 36 23
100 87 99
28 64 100
69 59 48
35 65 30
22 23 21
40 50 40
44 99 66
90 32 92
100 81 60
80 46 100
44 80 89
38 69 83
73 78 87
6 11 16
30 29 32
95 48 95
15 9 13
5 20 16
68 78 70
100 79 72
83 69 50
4 8 11
71 40 41
100 100 51
69 100 62
36 55 47
74 79 29
77 68 43
100 69 63
80 39 38
87 100 100
39 44 34
72 100 58
46 37 41
52 55 55
39 29 54
63 57 52
93 31 26
46 38 42
23 20 31
53 28 42
7 4 14
71 30 4
81 73 40
13 38 34
63 72 73
47 29 21
100 72 45
58 15 18
91 51 64
87 100 77
18 22 23
72 100 35
28 42 44
11 13 9
35 41 13
55 100 100
99 62 68
69 74 59
99 46 60
11 6 6
96 100 100
40 30 29
38 32 47
26 15 38
100 100 41
22 54 61
100 90 76
17 24 17
50 27 35
4 3 7
8 7 6
100 93 1
29 67 82
42 68 26
55 72 94
69 98 100
21 35 52
50 34 52
14 12 22
69 39 50
30 31 44
52 13 20
100 89 88
100 69 30
1 2 2
10 8 3
62 100 100
38 47 39
44 30 32
100 82 85
9 18 22
97 86 93
78 63 77
75 100 84
52 49 100
13 14 16
3 17 15
45 100 100
1 9 18
39 28 34
57 46 84
69 61 51
6 6 2
10 11 22
23 3 30
18 21 25
30 16 14
30 24 18
100 22 47
42 97 43
6 1 8
40 48 14
78 65 100
47 34 44
5 2 4
45 52 37
69 76 71
20 24 8
88 56 63
5 3 5
54 75 100
73 89 67
29 51 41
28 41 28
30 45 90
17 15 20
52 22 100
45 59 53
63 46 36
23 41 11
34 66 79
51 49 29
75 100 74
7 14 21
56 78 58
81 92 96
20 16 17
43 31 83
42 89 57
19 27 27
32 11 6
14 4 21
19 17 13
39 90 84
67 37 37
54 35 40
53 33 55
76 72 100
12 3 6
37 21 21
25 17 32
9 10 21
52 81 19
65 100 68
95 100 88
12 7 12
58 63 72
62 67 47
54 94 67
64 56 66
15 25 26
56 100 59
75 62 60
68 53 45
48 47 57
98 100 84
44 66 78
28 18 29
60 40 36
25 47 32
32 21 32
18 12 28
54 45 67
16 27 16
46 87 74
40 54 55
94 100 97
11 47 57
23 9 12
69 99 22
29 73 55
95 100 65
65 100 81
55 43 29
65 52 41
47 60 41
49 50 20
52 45 51
52 63 99
100 100 96
71 100 100
1 4 4
19 23 19
80 82 45
84 54 56
15 36 53
74 57 55
13 10 3
80 39 83
100 92 91
26 25 30
80 81 85
13 16 19
84 58 62
63 49 93
43 33 10
22 23 20
69 82 67
100 100 73
19 11 22
71 63 46
67 77 76
18 12 18
82 54 96
52 45 64
32 27 38
30 47 79
5 4 7
6 8 9
4 8 10
100 77 61
79 46 48
44 62 75
15 10 13
30 25 33
100 100 50
43 35 33
4 12 16
45 1 33
47 51 62
50 28 40
41 47 95
10 13 1
100 100 86
7 9 7
27 28 21
94 100 64
53 25 31
19 23 9
23 17 19
34 84 89
36 75 32
9 22 60
100 56 100
10 9 8
42 50 22
9 5 7
64 58 55
53 52 25
49 100 73
20 28 33
43 28 7
6 18 8
60 31 53
12 12 11
3 3 4
21 22 19
100 75 91
51 70 22
100 86 100
20 10 20
98 76 62
11 18 15
46 27 44
31 29 25
53 100 79
15 31 62
72 64 45
44 80 55
13 8 23
11 47 14
48 69 74
95 60 66
7 11 6
86 71 37
27 50 35
100 30 96
39 41 26
33 50 54
1 2 1
47 17 36
51 69 75
53 29 32
9 16 6
100 100 53
20 17 14
46 44 46
43 27 32
96 52 71
72 66 68
61 64 64
50 39 21
20 29 24
10 12 8
16 9 17
9 8 7
59 29 51
18 18 14
11 25 8
79 63 81
13 22 19
10 5 5
3 6 5
66 31 62
59 75 54
45 8 16
95 53 39
88 85 63
75 53 44
34 79 62
47 42 42
2 3 3
34 50 35
13 29 36
32 23 25
11 13 11
86 100 54
46 93 100
77 75 39
14 21 11
44 23 41
22 18 19
52 51 36
95 100 97
62 15 46
5 3 4
15 12 16
90 100 80
32 61 29
5 6 9
14 13 12
52 31 63
14 5 8
26 26 49
25 34 22
26 42 30
24 14 19
60 40 81
48 30 49
20 61 46
48 41 64
97 64 100
74 76 100
47 35 52
100 71 100
1 1 3
58 23 58
57 66 51
33 39 48
1 2 4
25 45 45
57 67 52
67 75 62
13 21 22
76 51 76
94 70 91
63 45 47
9 18 24
54 35 75
80 72 40
17 27 6
63 59 67
100 21 76
47 57 53
47 28 26
11 8 7
43 75 16
2 2 5
6 6 4
66 57 22
56 40 43
69 38 69
11 12 13
11 4 9
35 32 13
43 89 72
64 30 48
50 48 86
82 69 41
43 40 36
18 16 33
51 100 100
71 45 79
8 10 8
61 100 88
85 16 31
46 48 37
79 77 44
22 61 69
60 59 62
56 48 24
40 51 57
15 71 68
16 34 31
100 100 95
11 21 75
46 85 40
59 77 48
37 37 18
38 61 51
77 34 67
61 59 64
100 54 100
96 69 58
71 33 81
25 18 22
62 67 36
74 69 64
9 14 16
35 16 23
70 100 59
77 67 100
27 58 30
55 87 84
100 47 60
100 26 37
49 61 42
91 100 28
31 41 31
87 45 100
100 70 80
37 49 49
81 52 61
100 55 100
3 1 4
29 28 36
90 66 39
71 83 59
46 51 33
12 28 37
31 70 66
91 67 88
39 39 12
36 56 41
37 32 37
30 31 26
22 12 23
6 4 10
100 100 85
39 19 39
33 70 100
66 39 93
98 61 100
100 81 71
34 45 12
15 15 19
61 36 34
38 48 71
15 39 47
47 25 44
69 56 62
16 23 20
66 75 51
71 89 88
32 32 21
84 100 53
8 12 20
20 15 13
8 4 16
61 54 60
46 23 32
100 100 98
18 35 27
57 57 80
63 55 54
77 60 86
62 43 55
54 86 83
42 35 50
51 68 11
100 84 89
67 80 75
100 96 63
64 56 22
3 7 9
37 24 23
15 25 18
48 36 40
100 68 86
100 47 63
100 100 75
81 42 100
2 1 2
90 95 33
84 49 100
49 92 81
20 18 31
4 5 2
100 88 100
11 11 10
67 16 68
53 81 100
83 67 42
8 11 10
89 71 94
46 50 40
16 93 74
56 49 62
100 100 52
73 83 95
55 97 77
16 7 7
36 26 21
92 31 55
55 69 15
76 90 100
1 81 100
54 56 45
1 6 6
89 64 90
19 22 15
25 38 37
76 54 33
100 84 79
15 100 66
47 66 48
52 100 100
64 54 51
100 87 90
22 42 26
30 52 29
100 98 99
9 23 27
69 16 77
9 5 9
66 12 83
100 100 65
42 79 87
92 64 65
12 12 13
33 13 40
42 45 30
6 11 7
29 19 29
71 42 100
100 75 93
100 54 70
70 89 100
61 49 69
4 8 2
77 63 100
22 19 19
100 76 57
11 18 17
64 55 29
49 68 100
8 14 10
68 69 97
60 30 67
17 35 27
68 64 55
79 49 50
24 37 38
17 17 15
48 54 33
43 30 31
50 23 38
15 9 17
100 45 83
40 27 38
17 12 21
9 15 13
10 8 4
35 79 31
7 15 19
36 39 43
1 3 3
44 42 43
12 13 4
11 9 2
54 29 36
97 68 82
64 55 19
12 19 20
69 79 100
76 100 88
6 6 3
39 100 59
54 43 55
50 58 50
6 7 4
85 100 88
43 68 48
11 13 13
40 26 27
17 30 23
100 74 100
66 52 100
32 78 84
92 100 75
8 3 4
52 30 100
32 79 48
16 16 12
75 96 100
37 25 43
65 14 48
7 7 5
5 7 12
33 23 28
7 9 51
100 75 73
20 12 12
72 73 40
19 28 24
16 12 19
41 51 1
25 30 31
28 38 32
60 10 38
32 63 53
27 28 42
56 32 64
48 42 39
39 29 25
60 48 37
86 92 42
62 74 51
3 5 9
41 24 25
12 15 17
69 33 100
3 6 10
45 41 55
79 73 99
69 100 46
24 31 64
67 96 100
47 46 17
61 55 83
31 26 36
87 83 80
54 37 100
43 51 47
100 64 53
15 19 24
90 80 71
23 21 23
76 77 85
34 18 29
30 20 29
16 4 5
100 66 99
55 58 46
87 56 98
100 100 97
26 32 34
1 4 5
33 56 65
99 44 84
66 86 100
95 70 51
97 56 65
45 32 40
100 77 85
98 77 92
11 19 8
99 59 68
47 37 66
77 87 80
19 8 18
12 25 56
2 1 1
35 30 45
36 45 56
2 5 8
35 61 32
60 43 38
40 62 50
72 57 40
58 55 100
32 62 60
59 8 49
42 43 66
32 14 20
4 17 11
29 21 35
8 31 23
64 75 47
39 27 40
100 35 65
77 46 56
51 50 11
18 17 26
37 28 5
20 59 45
93 86 100
100 100 87
64 59 44
47 94 61
42 43 43
23 17 20
7 10 9
90 88 42
34 47 23
55 75 66
38 52 43
24 50 22
68 49 56
45 62 58
28 25 19
100 100 64
66 37 26
17 3 17
100 88 89
2 24 11
9 6 9
28 40 34
6 15 40
33 74 49
42 20 36
3 4 1
49 39 100
54 46 49
95 100 46
14 52 33
86 75 31
100 43 59
46 89 100
69 97 78
58 52 57
14 14 6
11 18 16
6 12 6
8 16 6
29 24 35
100 100 77
31 61 94
81 62 80
4 5 4
44 69 83
42 35 29
75 45 86
4 15 17
40 24 26
100 46 41
38 29 49
88 29 70
58 41 24
55 15 41
83 100 77
71 36 74
100 67 100
100 46 77
55 79 62
72 63 58
19 48 34
78 100 60
45 57 54
64 100 48
60 19 69
9 8 8
1 3 2
20 10 11
61 69 36
85 99 1
10 16 15
67 38 70
88 73 90
9 12 14
25 20 27
82 100 85
10 19 26
70 60 67
100 100 67
37 38 35
11 14 8
13 27 27
18 41 39
80 89 55
84 94 100
39 73 77
57 100 96
46 77 93
22 26 24
26 31 44
36 52 30
58 100 100
80 63 38
28 24 34
34 46 43
76 100 100
13 15 30
37 36 51
21 100 100
100 81 30
85 100 100
7 8 5
30 28 37
22 38 12
52 39 40
37 21 44
91 65 100
43 30 33
79 93 100
25 12 13
7 4 7
21 25 47
96 52 39
68 100 100
66 68 92
81 98 62
58 57 93
43 97 100
10 12 12
63 88 46
65 30 40
80 81 46
15 48 73
54 28 73
60 66 89
73 44 50
18 15 12
11 27 21
41 36 34
3 9 14
85 70 26
60 100 87
37 25 32
95 74 71
92 75 43
69 77 34
4 4 1
49 75 72
40 58 61
59 61 100
69 90 9
16 31 58
6 2 12
26 34 21
32 37 48
100 100 11
31 11 27
27 18 18
87 38 85
72 87 85
64 49 39
55 28 58
77 84 69
28 31 17
31 34 52
8 25 29
44 63 94
57 95 82
9 3 7
37 32 61
10 11 15
48 57 48
22 33 21
42 52 29
100 70 81
67 93 84
21 29 20
15 37 26
37 100 52
25 4 17
29 28 37
36 80 49
83 44 87
88 100 41
18 24 28
100 84 100
65 47 96
28 22 30
98 14 48
16 72 49
87 46 74
100 100 1
21 25 27
11 8 11
17 20 7
67 100 100
37 32 38
15 12 10
40 51 48
43 81 100
5 6 3
4 2 2
30 53 51
84 51 72
54 75 93
8 13 9
25 75 54
23 15 10
25 26 12
21 20 33
35 32 17
53 56 54
23 40 39
75 100 67
16 23 21
17 19 19
29 54 44
23 29 29
49 57 63
79 65 74
35 47 38
25 30 23
100 55 91
52 12 57
77 80 66
34 60 33
57 100 43
59 46 65
18 35 28
49 60 73
15 66 79
55 69 62
3 5 1
71 93 100
52 72 43
3 15 14
13 24 26
38 51 10
89 100 96
100 96 100
92 100 57
54 40 89
95 67 20
56 99 87
41 48 1
2 1 3
6 5 2
31 85 78
4 5 3
85 90 82
36 18 41
48 100 98
26 41 18
100 38 100
15 26 19
41 50 46
63 66 77
93 99 100
37 20 31
49 34 33
72 93 80
32 28 42
66 53 23
74 82 100
57 53 65
70 69 52
61 73 64
16 7 8
7 6 5
26 50 80
36 27 23
22 16 33
66 100 76
26 33 27
33 18 30
31 39 60
97 100 63
45 38 75
100 98 100
49 26 42
83 100 89
73 75 69
60 57 72
24 83 57
19 11 15
9 6 11
26 21 30
60 46 35
66 36 68
13 20 23
31 36 31
30 51 42
20 22 34
37 23 26
100 50 100
3 15 17
14 25 17
25 35 18
86 89 53
55 57 32
6 4 4
21 8 16
15 43 39
50 100 58
82 66 77
86 100 67
46 74 100
69 74 74
51 47 55
42 24 21
96 89 100
63 57 80
39 66 86
5 23 26
52 75 34
68 61 22
25 87 42
43 46 12
100 100 56
71 40 46
43 46 48
47 63 42
92 83 69
10 12 11
49 74 50
46 45 50
9 8 10
1 3 4
24 15 33
47 36 30
55 21 100
25 12 25
100 99 68
39 78 73
27 76 45
68 63 45
6 15 9
83 52 100
77 93 54
54 78 50
100 74 16
53 74 55
65 76 83
64 91 94
46 38 24
9 8 23
6 11 11
68 70 61
5 4 3
25 12 38
38 51 65
100 100 46
23 37 38
57 47 100
51 86 93
42 33 37
74 86 68
43 26 65
48 31 53
18 19 8
82 73 60
30 25 6
14 91 91
100 89 93
67 63 91
51 42 64
72 36 46
23 45 55
100 26 73
89 87 45
66 24 51
16 16 26
13 19 15
71 91 100
50 39 27
51 33 100
58 100 56
32 41 71
6 10 5
55 44 50
100 85 100
13 14 21
53 49 73
6 3 2
2 10 12
66 53 55
65 15 35
24 21 52
16 16 3
6 6 7
21 50 55
100 36 100
12 8 14
65 91 30
96 42 89
4 3 2
22 22 23
8 6 5
45 27 13
73 47 98
72 76 100
100 52 80
46 70 59
32 15 32
8 2 7
92 90 29
24 48 46
53 59 100
19 40 25
20 17 10
73 66 52
15 22 35
65 48 45
56 40 59
27 15 14
23 7 18
62 2 54
47 43 26
65 49 46
89 78 71
81 100 100
51 85 100
49 99 36
93 52 47
100 44 89
32 37 27
92 100 56
39 28 29
44 87 44
30 31 52
91 51 26
100 97 100
19 17 18
80 24 34
22 25 19
11 12 6
78 90 67
13 6 12
12 8 4
25 44 55
26 60 30
66 78 74
34 22 18
69 23 55
51 48 46
11 15 16
44 72 42
5 14 10
42 90 35
96 50 61
6 2 4
100 66 90
37 32 40
92 80 91
15 33 35
43 41 29
2 20 29
34 11 17
84 100 79
100 100 88
67 25 44
100 69 100
99 56 49
49 41 48
22 100 31
79 7 99
27 32 29
42 44 45
34 25 36
54 58 47
14 52 57
7 70 60
100 96 89
77 100 41
93 54 46
40 36 47
64 73 100
92 50 45
100 99 100
53 92 100
12 21 13
9 6 10
84 100 92
3 12 6
27 100 61
38 30 33
62 54 67
13 10 8
30 19 9
16 31 4
17 7 24
40 47 34
99 26 39
63 100 64
55 55 22
26 67 37
82 72 34
31 40 36
80 85 96
38 15 31
46 31 52
48 90 50
43 46 70
100 81 64
48 100 100
74 57 73
100 74 61
73 49 100
27 54 43
51 51 60
80 52 76
12 6 24
25 24 21
71 38 35
8 4 9
37 7 35
9 9 5
7 9 12
8 5 10
24 13 23
12 2 26
50 21 42
31 37 16
32 13 36
43 91 91
64 100 85
32 23 86
45 61 61
39 56 48
67 100 46
93 94 86
9 12 15
82 100 86
53 48 24
56 55 36
39 57 49
78 36 53
60 42 31
100 100 68
35 69 30
17 44 22
65 91 62
57 67 100
86 59 55
63 35 45
48 9 51
100 83 100
88 100 85
13 4 17
17 21 11
26 66 39
38 100 100
22 19 22
28 43 48
48 35 45
29 12 29
26 55 29
19 26 37
4 1 2
78 100 51
10 90 100
54 25 51
41 48 55
40 71 70
100 60 88
72 55 81
62 63 96
7 8 6
39 62 82
45 46 35
100 73 63
58 80 100
46 78 72
10 16 6
100 89 7
7 1 3
32 28 11
17 9 13
63 57 82
89 67 93
6 100 100
29 95 40
24 19 28
92 78 100
21 41 28
100 81 44
52 37 45
60 94 67
71 100 98
9 8 12
56 52 78
40 45 30
36 40 47
53 76 90
63 57 59
51 27 55
35 52 52
46 59 72
29 12 19
19 7 14
18 8 10
46 75 52
12 8 13
66 39 43
61 91 100
71 81 62
14 24 49
35 100 70
6 7 7
69 65 61
11 13 16
39 29 38
5 8 3
46 22 45
59 59 92
74 70 49
14 21 16
41 25 33
11 9 18
40 59 63
50 46 56
4 22 28
62 52 54
50 61 35
9 19 12
23 7 17
87 29 37
53 65 65
47 74 49
17 5 10
47 75 93
23 30 36
87 46 62
54 68 100
13 14 10
41 43 64
36 32 32
30 33 12
67 60 88
92 100 91
74 93 50
3 2 2
51 42 66
76 82 69
46 33 45
46 45 19
87 69 86
63 56 61
47 27 30
54 96 96
17 27 11
20 1 19
68 47 70
40 55 83
6 13 12
41 55 51
5 6 4
57 59 30
57 89 52
75 62 100
23 55 47
5 7 5
12 8 16
4 3 4
37 80 88
22 3 12
19 33 11
14 27 27
57 100 67
68 64 100
15 26 30
100 75 66
53 35 32
39 66 45
73 60 39
34 49 20
59 43 56
83 67 90
56 49 25
26 15 12
49 69 38
22 33 12
49 46 54
27 26 26
63 52 45
41 92 31
7 25 29
100 100 100
77 70 53
45 68 24
59 36 52
1 83 72
47 44 73
52 100 27
24 35 50
27 21 32
14 8 26
43 100 68
93 40 75
83 100 100
62 100 74
73 97 55
95 55 52
6 5 3
52 33 94
86 79 73
64 55 100
46 54 71
32 100 90
50 70 100
44 79 47
77 74 36
100 81 99
66 100 100
80 59 78
96 100 64
59 43 46
41 35 40
42 25 20
26 43 64
18 9 25
66 44 55
100 70 62
100 89 75
23 14 13
32 40 53
10 21 9
21 19 36
60 73 77
99 53 40
8 13 13
88 55 100
76 52 26
10 22 10
100 61 98
55 53 45
81 56 49
23 25 27
56 73 84
69 98 64
75 61 80
40 65 77
21 82 97
17 59 59
76 66 82
97 100 100
25 32 37
49 27 44
25 55 20
60 31 57
47 71 57
15 15 1
11 26 18
61 58 71
68 16 39
71 85 100
18 27 33
18 6 10
38 23 32
82 100 98
40 46 76
32 40 43
84 85 28
4 5 7
48 48 55
36 38 23
17 15 7
100 30 100
39 35 14
74 61 45
42 26 68
44 44 28
84 76 100
61 40 35
10 9 2
7 5 8
54 41 71
69 51 63
27 39 38
52 45 48
100 39 77
29 17 12
40 54 29
11 54 70
95 100 39
25 25 23
63 36 35
24 27 8
29 20 22
19 15 17
45 91 91
32 45 75
19 18 22
18 11 14
3 21 24
2 4 3
32 32 29
26 20 33
21 100 90
76 61 55
63 61 100
6 7 6
80 54 100
22 56 50
47 96 53
61 43 58
53 66 52
72 100 77
53 37 25
84 89 24
24 30 27
85 96 92
4 8 7
56 1 44
67 38 86
23 32 24
81 50 76
24 60 54
48 8 66
15 24 30
82 26 8
91 59 87
24 37 43
12 35 15
76 71 81
75 100 28
31 16 34
7 11 13
59 71 78
17 6 10
61 80 75
74 59 51
26 43 34
78 10 100
26 16 17
18 37 57
27 23 24
28 45 73
13 15 10
52 44 50
59 37 57
20 17 21
14 24 38
13 8 7
86 76 100
56 38 60
94 57 76
68 93 100
92 75 69
85 39 100
47 54 46
17 46 60
3 3 1
24 30 17
49 24 53
11 9 7
69 66 50
18 7 11
24 51 76
59 73 100
62 48 73
54 10 27
100 100 37
88 95 83
4 3 3
8 18 11
66 69 73
29 30 47
4 4 4
30 100 55
34 64 62
16 37 19
52 76 100
33 25 22
17 50 43
75 52 63
46 27 18
19 18 2
97 68 100
100 37 74
100 88 39
44 37 67
32 42 22
19 21 12
52 98 16
35 100 85
91 84 83
17 13 16
20 21 17
97 75 80
100 17 100
7 8 11
41 54 76
73 48 77
63 57 51
20 23 26
17 27 36
3 6 2
69 58 36
26 37 43
76 78 65
79 74 56
42 77 89
12 11 11
31 19 47
33 39 55
3 2 4
39 32 36
47 42 39
72 42 93
11 5 4
11 16 13
26 41 54
42 34 19
81 49 32
26 12 27
42 45 28
26 56 33
27 32 53
39 27 42
32 34 36
12 7 18
21 13 19
100 57 42
55 43 58
23 22 16
6 3 6
8 13 12
7 15 4
67 25 45
81 32 100
66 69 40
52 70 24
55 92 72
36 61 52
8 6 9
77 28 81
68 66 62
71 62 53
14 8 15
36 31 29
73 100 77
20 23 16
32 26 9
94 93 100
17 38 35
88 94 99
33 30 40
65 52 47
16 12 14
72 42 47
56 100 78
33 84 16
16 16 20
100 59 64
50 71 54
21 31 22
68 75 88
34 21 44
43 39 55
38 38 38
37 40 30
24 35 52
3 5 4
17 86 89
3 16 13
31 46 32
55 94 94
12 7 8
12 47 44
18 36 31
44 33 41
92 100 60
65 100 100
2 2 2
49 67 92
21 17 15
58 46 51
28 71 37
5 9 7
60 22 100
100 80 100
53 41 68
14 11 11
41 31 36
78 60 48
27 28 50
51 25 67
8 9 4
30 30 32
25 21 11
35 83 97
42 17 18
39 47 23
98 100 57
20 16 3
11 37 44
5 5 14
89 38 100
30 63 65
30 23 29
72 54 48
9 6 1
58 76 56
52 56 56
81 100 58
46 43 40
100 20 99
64 100 86
9 10 7
64 70 94
22 34 53
100 50 90
47 26 16
95 100 74
75 100 73
57 65 50
13 16 15
100 70 41
77 76 66
87 57 35
9 13 17
9 5 13
82 53 48
100 100 69
33 41 21
19 11 18
12 18 12
68 54 32
10 10 15
19 20 23
3 4 6
68 27 14
68 99 39
100 92 100
19 53 56
14 22 15
20 25 42
40 17 15
21 26 31
5 5 4
4 1 3
56 100 58
39 41 55
42 31 28
48 39 52
100 59 44
100 100 82
57 91 57
94 100 60
23 36 29
45 47 32
30 86 80
23 17 15
19 37 25
8 11 17
14 21 27
33 25 31
42 69 32
65 41 74
29 35 27
26 58 49
20 14 9
100 100 59
25 43 38
25 16 21
95 67 88
50 88 100
78 69 77
91 100 100
91 51 95
94 100 73
41 29 55
100 1 52
100 65 73
