500 123
5119
-2974
-4718
1969
2866
-2250
2442
2238
6430
2212
1477
419
-850
1562
552
-4098
-300
-93
-6585
2470
1971
-389
553
7262
-1453
6242
-8941
763
-3859
-6992
-1640
-6132
-2008
-3357
-41
-1797
-2935
-1084
-5443
662
-7328
112
-1098
-5612
-4351
1525
1776
-3053
4154
889
2581
-1845
2864
-2332
-959
4491
-4505
-7696
-832
-1914
-1505
-3593
-1896
-714
5686
-507
-282
1285
-1503
199
-431
-975
3742
-991
-1322
5140
-4791
-153
756
526
3565
877
613
707
3133
-5953
632
6964
153
6361
-1192
2509
952
2040
4465
4056
-4097
-2145
4050
870
-4395
329
-4462
2397
-99
-700
-2988
-7247
6175
5265
818
2669
-5207
-493
-1985
290
7087
608
-5514
-3524
5098
-7314
-2627
-2984
-3434
-3367
2541
-875
-3409
-1199
2865
3603
-947
1036
-4035
1213
3415
-3839
6638
-2696
-7868
-455
3407
-1705
370
1580
-667
6009
2318
-935
-686
-1269
1651
708
2032
6956
-1488
754
4643
2578
6101
-533
-760
1827
62
5747
-3840
486
6063
-2064
-2583
2203
-2297
2385
-3950
-4585
-3613
-407
-4286
3875
2033
-387
2194
965
-1900
4237
-1695
894
265
-4951
-82
-1680
-1206
-3663
-4069
-705
-2761
-29
-2087
1432
6676
-99
282
-7100
-5062
7937
2057
-3374
-94
939
-2451
467
7380
971
-1744
3686
-6922
-4121
-2956
3965
1308
-4078
-2487
5944
-7724
-4707
-410
3619
-6560
6687
-2858
4428
-2733
2092
-815
370
-5522
4672
-237
-2456
-4505
1374
-1691
3942
-6848
-101
1147
-1188
-3908
-9227
-1289
-2846
-3261
2693
-192
3268
5187
208
-5836
1971
4173
-380
-2287
2262
-7215
-2367
-3972
-2363
4334
-1614
-1911
2024
7467
-3057
7227
4487
-704
527
-5928
-4933
-4139
-2646
5519
-875
-6988
711
686
1641
5327
1867
-5613
-819
-322
-156
682
1135
523
1054
-296
-651
7273
1885
-5350
5444
-3657
-5511
129
-7066
-916
-2874
6736
3543
-143
-2740
3302
-5737
-5968
-500
312
3094
3527
-6011
-10
2066
5054
1814
-5009
958
-446
-1311
1207
848
-7893
-7288
-3320
-9639
359
-2945
-2498
-2517
-1739
89
6400
377
-1923
3136
-2918
-5480
7086
-5553
-2210
-1972
2107
-1840
645
-5016
3343
-4431
532
7505
2440
-1594
1667
2322
-3156
6809
1699
2904
5194
8173
2611
-595
-3978
-864
-289
-1079
3103
-3945
1460
3667
1066
-2259
-6169
-720
-5023
1893
517
-1317
-1616
2851
7988
3980
8493
1923
6449
-2016
-2716
4914
-8207
-2926
-924
-8314
-4867
-275
-2107
-1785
249
-1197
-441
-1459
1595
-2536
212
-2808
-656
7382
-6343
-7404
-2294
-3507
410
7035
4817
353
-1302
-6899
-5129
-4106
785
-569
-2941
-2638
-863
1411
-1552
-6176
2270
-7237
-1375
-2660
-1582
3258
2949
7303
1462
-1771
6035
1480
2150
3731
-2515
237
1271
-5267
284
4137
1617
2758
-3827
1271
-1556
-3708
4854
-468
415
838
-4412
467
-1809
-1268
-5238
323
-1252
1100
3647
-2318
779
4221
-4078
-3028
-1148
1717
6894
4584
5291
-998
584
1944
-2434
3522
270
2708
2578
-1685
-4739
911
38
2640
2916
447
