4441
1020 1306
1316 1331
171 1307
553 645
467 1048
1347 1412
608 971
1387 1428
242 345
386 456
576 648
518 1327
1355 1400
738 1325
288 863
397 831
1042 1073
575 1376
34 94
1164 1418
837 1327
373 1327
834 1052
1220 1421
1203 1208
23 241
221 326
998 1235
469 1116
384 1008
1339 1343
785 1262
342 906
212 1055
251 997
673 923
825 1235
363 1260
528 716
1340 1429
880 1194
594 1388
1243 1309
1162 1320
798 1205
611 970
34 1282
209 1429
651 1298
994 1237
358 1229
577 943
1039 1080
269 782
17 1396
25 949
552 1023
674 1370
1210 1225
1122 1295
17 1034
741 766
523 991
1020 1132
1389 1397
1152 1385
1269 1284
637 1308
237 427
709 1431
1375 1413
98 1374
1224 1235
572 1106
845 858
270 414
795 850
11 1241
683 1088
1320 1385
773 813
429 1253
808 1423
1146 1359
708 974
1273 1331
1366 1394
22 626
696 957
946 1100
688 841
346 541
899 902
277 663
1377 1427
950 1060
1319 1350
38 888
377 1274
461 639
283 441
104 439
563 729
1205 1347
421 1437
924 1013
1375 1427
261 1002
944 1240
184 1328
311 639
806 1035
627 950
665 909
893 1057
350 1112
241 929
541 1122
367 658
1368 1421
1199 1350
163 1036
1382 1437
1281 1319
982 1258
798 906
845 1415
1265 1431
348 940
830 1374
190 947
831 988
1352 1356
308 982
421 1362
29 924
532 1416
594 819
893 1349
859 929
631 661
570 1127
786 1322
614 1074
368 949
439 633
1195 1309
655 1074
1217 1422
551 820
775 1236
1399 1433
1051 1283
477 495
781 1007
381 807
117 344
933 1060
1148 1231
237 1196
427 1151
124 648
479 1180
639 1224
1201 1275
414 1304
70 1248
95 228
18 527
715 1356
646 1303
1049 1313
511 1079
533 1157
998 1395
1345 1364
102 1434
770 1205
1303 1332
35 397
839 990
389 553
295 1307
49 87
310 1085
459 509
1033 1354
121 1421
948 1213
376 1293
197 488
812 919
1078 1184
111 1196
523 863
781 1180
210 1211
811 1302
65 1435
568 587
1297 1426
956 1340
317 1364
1118 1215
950 1286
883 1244
1200 1392
728 1180
1217 1301
1373 1386
82 1301
1334 1359
779 1338
107 1159
622 1172
1387 1426
4 91
955 1038
1336 1365
1031 1258
1400 1429
320 704
190 860
616 1137
215 240
778 1032
5 889
123 777
1151 1394
299 781
1284 1423
267 850
1143 1368
88 361
734 806
428 793
783 1127
964 1215
1260 1424
428 941
754 833
945 1387
747 1271
980 1126
929 939
877 886
503 965
849 973
1228 1263
960 1424
62 646
585 1287
132 166
1414 1421
158 253
152 372
407 648
260 883
769 1362
695 1278
715 819
638 846
264 1275
545 863
1029 1248
881 1307
1299 1371
309 1394
753 816
1106 1415
98 522
827 934
682 1383
831 960
358 948
1019 1036
603 766
359 552
763 904
1186 1316
506 1428
1416 1432
1121 1420
543 990
1175 1248
733 766
1132 1303
1376 1381
1091 1277
1064 1189
381 431
1267 1347
524 1120
1153 1230
948 1109
186 1147
105 231
728 1356
1135 1178
368 824
585 925
873 1306
870 882
1220 1243
1133 1355
697 1119
114 753
253 1286
1411 1416
1050 1090
1010 1177
220 1211
467 1438
1114 1151
454 853
1351 1435
748 1225
915 1209
809 838
133 560
794 1177
1260 1383
1301 1404
322 677
54 1391
1311 1340
639 1202
1361 1364
1389 1398
1410 1417
1293 1422
479 848
1315 1436
1324 1334
1254 1397
918 1389
167 588
1071 1220
956 1166
48 1404
289 813
94 1411
135 884
1125 1163
427 704
178 1309
823 1167
960 1277
609 1144
119 448
1116 1232
347 470
1211 1282
1111 1301
1333 1420
1243 1311
664 876
273 1325
432 536
176 883
464 519
1072 1439
116 1065
48 1272
318 711
436 1240
23 869
145 576
113 317
613 1354
172 381
432 606
1147 1166
1214 1363
600 703
1196 1217
1271 1318
1169 1239
524 564
1148 1187
214 727
1365 1408
595 1282
717 1022
1118 1258
498 677
1201 1262
429 702
559 874
159 972
1259 1290
1215 1371
327 1335
1416 1432
789 937
1042 1391
1277 1322
178 852
346 969
472 1360
54 514
564 1220
568 1200
1327 1433
1303 1371
335 1181
776 794
147 687
1274 1395
957 1307
1016 1207
69 699
1036 1221
743 744
81 428
251 1416
69 190
1092 1431
17 1262
252 304
282 1048
701 1310
213 242
429 1279
1412 1427
1273 1320
1417 1436
282 1316
1283 1396
1401 1404
1099 1225
488 661
231 1227
1293 1389
203 278
570 747
1402 1411
165 283
996 1155
1310 1399
7 1166
1026 1083
1280 1419
486 686
1126 1437
63 360
1046 1084
1157 1282
988 1302
226 1383
69 274
829 1376
352 1221
370 509
1328 1402
1225 1270
219 790
994 1203
327 640
1059 1295
692 997
860 864
1080 1096
17 215
424 701
1320 1343
1336 1337
1060 1205
846 1113
27 1212
718 1305
701 1108
436 679
1163 1437
481 749
1015 1094
263 1117
1342 1396
762 1006
1013 1268
361 565
1043 1315
904 1218
610 1352
144 1041
1007 1369
1140 1336
1301 1310
988 1272
558 1285
735 1388
769 882
818 1337
701 898
632 1279
32 1198
39 206
850 1272
1054 1342
623 1264
656 1246
832 880
360 1174
1139 1426
737 893
323 1339
263 1312
146 421
633 1219
232 945
740 889
202 496
636 668
331 802
167 420
65 435
774 909
116 176
797 1033
63 1353
1103 1370
646 1396
369 991
791 926
140 375
370 836
79 1370
2 179
1317 1369
1254 1399
134 1016
1226 1330
62 457
797 983
127 1041
1160 1265
188 566
923 940
48 639
1409 1430
631 1145
725 1338
558 1185
885 908
1179 1401
1387 1390
1206 1299
199 803
98 1107
1415 1424
218 230
489 573
146 857
1028 1110
1085 1400
504 718
155 378
734 1253
412 618
1360 1367
1303 1381
1376 1420
256 1188
1356 1415
892 1360
1105 1239
229 328
984 1267
134 245
1333 1371
1198 1279
60 697
109 326
345 1270
744 847
1213 1343
1259 1430
1363 1423
966 1411
655 1201
1085 1133
9 583
643 821
1391 1414
1049 1351
1220 1285
1327 1409
1137 1144
126 1035
374 765
91 1098
816 888
1244 1323
378 856
662 1416
926 1381
1024 1171
1382 1423
72 85
122 1343
922 1186
505 726
33 1260
914 1040
1176 1407
1404 1425
665 867
578 1402
898 1156
722 993
189 1430
489 1205
618 763
1374 1438
1197 1250
79 226
826 1392
883 1409
80 326
1111 1198
388 510
686 844
248 816
1295 1305
641 863
533 1344
38 471
1254 1408
226 1169
958 1298
238 1380
73 1393
554 874
1385 1428
1370 1405
615 1025
157 1263
802 850
617 972
1223 1406
1249 1433
187 742
1212 1356
75 337
1158 1305
899 1302
380 471
427 718
1083 1230
916 1397
43 271
589 1235
1152 1402
817 851
1012 1411
915 1273
988 1368
140 1212
514 886
675 1434
411 766
453 999
747 1233
1156 1438
102 1250
445 782
11 1244
766 1340
201 1363
90 1211
590 1005
560 982
1385 1435
810 1251
252 392
1383 1397
767 1228
1305 1392
476 1343
914 1293
1170 1270
1390 1413
694 1427
1137 1243
223 930
884 1245
597 1419
1246 1263
1421 1427
1130 1184
361 1373
539 1231
393 1343
1244 1438
406 642
984 1243
882 1310
1020 1073
1075 1129
641 943
519 1159
342 400
191 703
325 681
1282 1369
574 739
192 568
407 1336
1368 1437
290 1358
621 818
702 797
872 1042
34 335
17 640
447 1050
780 1368
533 1386
1171 1340
950 1342
1192 1380
1167 1368
146 664
1142 1165
102 430
1428 1439
543 1439
590 708
669 691
275 301
1155 1364
16 68
93 552
126 1137
470 538
406 1110
824 1091
162 483
1267 1292
201 631
119 342
1329 1361
70 1245
881 968
14 1257
28 592
121 980
539 866
55 761
299 1381
546 781
561 1332
664 1115
183 419
781 1041
854 1366
1411 1437
213 1365
600 848
399 1187
803 948
544 1309
1200 1293
108 1133
1377 1391
776 1342
1263 1366
94 223
114 1404
1255 1324
701 1241
733 1090
460 1113
1155 1320
764 1084
662 1247
421 1212
397 1219
105 1037
9 1395
1316 1321
409 591
1020 1238
142 1003
547 1397
933 1146
349 1429
517 1425
683 1201
813 1368
25 1172
221 652
976 1100
1165 1250
17 258
16 1217
1263 1292
237 478
789 822
32 1053
458 1037
287 623
924 939
1095 1167
1293 1344
442 1406
409 655
934 967
1106 1224
395 690
785 1318
478 1133
223 1386
1051 1394
1265 1349
721 975
585 862
282 1050
1173 1256
572 849
482 1063
574 771
624 1060
1160 1423
1301 1372
871 1193
465 596
434 791
127 846
1076 1096
4 763
1204 1208
459 948
960 1346
1182 1347
1365 1430
1183 1364
1380 1385
387 1154
743 964
1208 1435
291 1281
489 1313
588 1093
380 704
689 1062
527 1149
816 1393
643 855
349 1245
97 1254
168 1196
868 1416
983 1064
234 378
1136 1438
1300 1368
146 187
453 1152
1019 1315
247 1319
142 724
50 606
740 1040
105 1354
844 1406
972 1179
527 570
1204 1238
185 1365
832 1149
420 1143
53 1088
411 863
254 512
449 988
826 1330
828 1121
572 1431
822 1360
279 940
1150 1256
96 324
745 1008
777 783
1254 1317
69 665
707 816
1242 1268
1087 1384
108 950
1125 1425
523 1236
1330 1413
996 1079
1283 1428
165 257
611 1114
556 796
464 847
1005 1024
544 670
969 1302
1203 1337
1175 1360
695 994
1384 1431
886 1217
1247 1400
51 806
834 1346
684 1215
1091 1216
11 828
1102 1145
743 1099
935 1276
1315 1330
1101 1238
1088 1354
578 1033
653 1062
799 1301
735 1181
1089 1379
295 506
569 865
770 817
778 1180
1037 1105
510 684
509 1162
588 1274
1076 1158
758 1065
956 1148
1282 1392
169 1061
221 1104
664 1364
112 1201
721 1329
296 348
346 1431
1177 1434
1413 1439
231 1063
836 1360
620 999
15 354
128 1069
1003 1013
1436 1439
410 1176
287 625
501 1195
1208 1237
898 1100
1257 1279
515 981
479 1016
366 667
1345 1388
1340 1407
1385 1422
225 639
1394 1418
895 900
1060 1174
715 1316
1089 1385
615 681
91 911
1240 1339
1174 1255
57 707
77 571
1144 1413
1183 1217
1006 1265
517 973
1072 1290
1133 1253
195 827
243 1190
1348 1378
725 1223
222 1314
1185 1396
873 1024
601 1212
778 1074
249 1140
706 1213
917 1169
1395 1397
1119 1141
119 418
545 1273
586 1399
514 737
215 1388
115 866
774 1362
96 842
1180 1310
854 1056
1294 1360
147 227
1403 1420
590 973
73 666
1407 1431
1196 1388
32 935
1206 1349
315 1142
621 1152
1434 1439
1278 1347
695 718
441 1359
891 919
454 1362
322 910
123 363
1291 1345
1058 1347
314 417
1416 1432
72 586
1352 1389
1234 1357
660 1023
352 1209
935 960
113 1162
232 971
1219 1354
42 306
161 792
1086 1130
21 310
448 971
1218 1418
1003 1022
941 1339
893 1245
842 1313
458 1137
617 1304
401 1110
705 1353
400 830
392 416
1298 1393
662 666
731 876
1280 1298
854 1068
1047 1381
1096 1141
966 1294
557 603
286 1341
1330 1422
185 1303
1291 1438
364 433
47 1375
1411 1439
301 461
952 1230
879 1098
338 548
1146 1406
437 782
562 1377
271 1307
760 832
683 1189
492 944
1424 1425
168 1255
1186 1322
756 869
1426 1435
122 1185
223 1352
648 1340
716 1125
475 1219
195 430
268 494
351 1148
31 122
1239 1265
692 1234
1195 1245
393 1053
359 873
1182 1200
47 641
350 1030
351 429
1112 1333
1352 1437
1252 1334
645 751
20 211
537 906
945 1324
95 239
582 931
972 1022
884 1326
75 1219
1082 1165
1127 1290
614 1144
1340 1373
565 872
648 1283
680 1118
1264 1278
887 1253
1215 1260
282 585
619 691
1419 1436
128 166
535 931
462 575
1172 1353
1005 1436
229 650
214 558
1373 1401
131 738
896 1240
716 1345
1215 1263
698 700
461 1271
1223 1310
994 1337
23 1060
754 1106
985 1182
827 876
376 471
608 694
1218 1427
1221 1425
1409 1432
250 468
1273 1358
1365 1403
412 692
829 1272
274 1036
1134 1341
1182 1429
284 631
326 726
759 960
792 1137
256 1001
989 1426
165 1234
717 945
127 912
725 1157
943 1175
933 1132
718 1007
762 983
696 1411
1002 1266
990 1369
1149 1315
1426 1431
557 1065
719 1373
427 710
1344 1354
621 1085
635 1382
497 556
532 1232
343 872
336 552
541 998
175 308
183 854
1211 1317
1056 1328
563 1078
65 1210
1378 1432
1224 1252
1147 1256
164 1174
562 620
1077 1192
217 638
615 663
6 1029
850 955
746 1307
1123 1356
794 1283
325 1370
604 741
1362 1364
1123 1280
112 601
1194 1241
493 1436
1163 1431
1428 1434
481 746
942 1274
624 644
794 1198
986 1002
28 101
1092 1357
359 1423
305 319
186 1357
1206 1299
830 860
1278 1361
517 881
1135 1278
628 1071
435 1405
1194 1411
350 394
878 1124
435 450
471 1165
1322 1380
45 719
45 1100
462 1037
1285 1321
255 350
1012 1309
255 1418
409 786
746 1288
1266 1296
912 1316
1283 1312
735 1159
85 448
669 746
1326 1414
1188 1232
1384 1423
144 233
526 744
1180 1281
143 397
744 807
1235 1418
1021 1437
1421 1430
15 855
1269 1325
1 1267
1223 1439
304 448
883 1018
161 700
867 1205
1408 1420
1024 1045
86 1081
305 511
175 1108
497 1052
485 907
378 1172
867 1170
500 936
560 580
201 1425
799 887
1386 1438
816 1347
27 561
660 912
68 756
245 809
873 1043
7 715
1437 1438
423 1101
523 793
1259 1336
1242 1389
722 1297
1368 1378
557 621
939 1030
1009 1333
924 1329
64 582
692 1006
169 1022
223 828
479 1105
68 1055
869 1255
952 1144
830 879
597 1176
52 626
550 1195
563 1061
155 508
192 208
1174 1222
1283 1410
1121 1164
1174 1196
249 781
130 1050
20 554
673 1339
862 1313
1297 1315
558 637
131 222
627 1374
558 1263
852 1208
976 1189
412 1223
221 1013
227 607
332 591
604 1415
399 907
177 284
1120 1203
886 950
1215 1291
1225 1317
636 1389
658 1129
937 1269
860 868
82 156
957 1058
709 1299
604 888
499 1185
982 1099
514 538
844 924
620 821
126 670
214 1247
630 1253
167 1318
274 1216
1081 1363
27 581
90 1091
358 441
1430 1434
980 1407
790 1420
337 1308
633 1278
716 758
1053 1212
997 1376
8 403
1232 1301
1010 1248
851 989
57 536
512 1008
1153 1230
776 1324
668 1153
677 904
570 1099
901 1273
815 1350
252 810
342 727
288 1047
918 1074
453 1089
1393 1423
1394 1438
324 361
127 1172
445 517
610 902
909 921
172 543
541 693
1385 1393
628 1134
451 738
555 969
604 635
802 848
1144 1193
322 1411
1402 1430
1128 1232
1235 1412
1154 1346
389 1174
682 1146
213 893
596 1284
1311 1373
504 568
407 412
298 1067
574 743
96 731
1146 1415
880 1020
961 1254
889 1253
1015 1117
636 968
903 1027
618 898
1426 1434
465 483
136 751
636 671
556 1157
114 1259
40 687
335 763
1266 1431
137 808
1203 1429
967 976
1049 1358
1261 1295
63 1326
401 510
679 1061
1241 1289
1390 1438
1170 1323
878 1214
615 1350
735 900
1018 1295
932 1002
1158 1331
104 717
492 1104
994 1371
791 1070
1263 1326
342 1222
1255 1288
822 1164
955 1224
690 915
446 707
730 1144
610 974
1178 1429
145 1425
1346 1399
968 1260
832 1439
243 1174
869 1129
359 1324
1255 1300
334 666
387 960
1264 1281
1038 1271
1283 1425
392 1237
347 507
905 1092
1366 1430
1371 1427
1223 1234
1035 1092
889 1032
573 886
354 1121
444 549
17 687
84 1250
642 1226
1008 1140
554 801
469 473
855 951
587 1388
116 1269
458 1119
928 1436
177 611
947 1374
1032 1071
1313 1368
652 885
1289 1405
805 906
341 692
1167 1250
87 401
417 1357
419 426
1292 1434
1249 1256
512 947
621 701
101 1221
148 660
1302 1389
746 1090
477 808
434 656
244 1426
1155 1401
1297 1381
852 1290
658 1428
1150 1214
1238 1409
661 983
1088 1243
248 671
1160 1432
984 1029
689 917
683 835
1084 1397
1266 1345
307 415
92 122
1000 1216
1233 1403
316 1200
1083 1150
867 1165
1089 1309
180 939
236 513
797 1324
948 1279
657 897
295 1109
1422 1432
940 1134
914 1410
1342 1402
32 180
695 943
569 707
883 959
989 1253
1123 1203
842 849
276 1260
1091 1226
799 1282
735 1393
1053 1150
1177 1314
652 692
1024 1234
1344 1385
36 694
1420 1439
717 1120
1005 1317
340 650
1047 1144
486 851
541 1419
752 1071
377 520
899 1238
1285 1367
315 1432
942 1115
860 1123
1232 1380
458 802
93 522
137 1408
45 265
146 1100
923 1363
1271 1373
632 961
1233 1312
1428 1436
261 570
429 587
1255 1353
804 1247
1352 1402
1362 1398
792 852
1127 1203
326 406
1063 1395
284 648
1051 1276
613 905
1302 1351
657 791
806 956
981 1108
1265 1325
524 1231
1225 1321
847 1343
517 524
6 1205
252 1205
659 1222
641 1214
559 951
1016 1274
502 1216
265 410
648 964
438 1335
178 369
1363 1368
417 890
92 310
1386 1433
50 1130
328 1178
107 868
779 905
1037 1074
1366 1370
790 1062
362 918
429 1433
1206 1434
558 1316
899 1040
819 1156
64 556
731 1190
833 1194
240 282
507 942
1426 1429
397 418
846 1120
705 1236
823 921
1284 1302
954 1147
320 328
749 1028
1278 1356
1095 1201
236 777
859 1314
849 965
1107 1391
1111 1270
1054 1423
982 1134
1097 1332
975 1127
756 1164
907 1423
682 1022
1351 1369
920 955
394 1147
446 837
84 530
674 829
555 942
72 1112
592 1328
15 1191
864 1171
676 737
1424 1429
265 1176
1271 1329
384 575
772 907
901 930
889 1357
1260 1416
182 596
885 1416
244 517
959 1356
942 962
1099 1189
29 545
699 1276
649 985
199 1274
1108 1164
270 279
493 1002
46 1406
718 885
885 1205
1264 1300
250 687
391 993
27 340
1194 1213
1425 1435
895 1003
466 988
813 1348
725 1381
221 526
802 1268
1213 1400
1045 1418
943 1199
542 596
123 751
298 383
1392 1430
120 560
1351 1423
546 1285
45 1107
1055 1059
847 1157
715 1421
1223 1254
670 924
992 1100
614 993
595 1264
248 1192
1395 1431
300 1144
1340 1397
901 1213
447 1410
944 954
920 1400
1040 1360
771 908
390 782
583 1196
276 363
1216 1281
755 1426
760 1368
231 1148
1078 1204
101 961
1119 1309
783 1416
229 1325
1207 1285
831 1304
675 1157
1272 1424
1421 1434
1159 1405
1005 1344
549 1070
676 1215
994 1222
1031 1152
593 662
646 1212
40 840
1279 1297
1230 1366
1110 1341
476 576
1347 1363
679 926
454 1209
557 1322
1140 1361
890 1031
1395 1412
624 1186
281 354
832 891
38 1071
184 323
44 532
36 898
925 1351
589 668
89 1054
306 425
691 1046
780 1047
1228 1410
1131 1214
1172 1291
434 1049
682 907
310 393
1118 1419
311 1296
513 830
121 761
1349 1406
385 1321
258 643
1239 1381
732 858
862 896
188 618
957 1346
149 1369
810 960
527 1217
107 1224
1057 1110
611 1419
293 965
871 1381
611 1030
763 1018
759 1415
1059 1183
73 350
1313 1319
652 1060
1206 1380
452 757
165 471
783 1142
1393 1435
693 1102
648 1377
1314 1367
1217 1433
1070 1230
1391 1403
1198 1261
1188 1369
233 1251
1271 1376
226 905
135 155
125 1093
1037 1143
348 403
198 1437
622 1094
1407 1431
520 786
911 1182
242 1075
427 762
388 710
434 699
1225 1231
1142 1305
430 1429
1222 1308
1159 1179
110 269
1391 1397
762 938
720 907
369 1121
555 1290
493 1271
1087 1336
475 992
227 1043
1341 1365
427 485
654 1257
964 1072
322 1037
160 346
539 772
668 1220
836 1273
709 1091
1236 1411
1394 1429
746 1417
1367 1401
864 1115
1290 1434
645 1365
1332 1341
13 1406
132 497
128 978
1088 1147
287 612
127 418
410 417
52 316
115 894
977 1184
171 1072
883 1155
189 623
515 1185
821 1026
398 1236
975 1186
654 1285
519 982
775 1327
851 960
660 1284
663 1295
1130 1156
930 985
254 1389
376 997
1245 1428
1100 1435
1187 1283
1318 1392
485 1085
32 1168
175 294
422 938
380 993
1027 1394
99 1163
460 1103
1354 1437
263 458
555 712
379 1306
746 1127
116 580
648 765
523 753
560 1322
67 1228
147 1392
1399 1421
1223 1288
692 1056
736 1365
966 1276
93 522
431 1169
643 1319
1174 1229
606 1252
1012 1123
1264 1388
935 1252
1406 1431
436 1253
365 892
516 1271
978 1125
745 1429
126 685
24 894
557 1335
1379 1431
592 1046
546 1363
1414 1427
1203 1292
230 737
1246 1325
777 1096
258 584
802 807
62 823
393 543
1084 1162
270 707
555 571
325 721
1320 1363
121 1120
1141 1174
1021 1211
160 1325
620 730
646 1116
936 1006
1319 1353
887 1277
471 1407
1119 1386
1168 1243
409 834
353 1238
114 375
901 1111
1359 1407
1070 1406
1367 1404
143 1169
1039 1434
162 274
147 1372
1099 1347
1350 1395
1433 1434
649 1067
1310 1375
815 960
198 1047
1306 1388
616 929
729 792
204 273
1355 1359
140 236
242 1123
270 854
1233 1278
676 1250
670 961
1136 1164
1202 1335
369 396
175 307
1371 1421
917 1006
104 159
1371 1382
643 1202
205 470
294 932
91 1120
261 1021
1316 1410
781 1039
372 783
320 581
490 905
215 626
999 1315
1351 1437
142 901
1216 1333
319 1101
584 1219
513 865
818 907
622 1416
113 600
477 1291
697 1225
1280 1332
991 1099
1302 1429
1212 1413
1315 1348
539 826
348 912
859 1332
207 1100
1389 1432
875 973
732 870
1395 1409
1307 1399
1050 1283
408 944
623 971
232 618
101 281
1223 1307
338 838
980 1207
392 521
324 465
1095 1237
100 1111
1431 1435
365 456
305 621
515 975
13 1317
388 1428
140 759
627 1028
314 527
226 1229
1060 1264
752 1052
836 1322
307 1024
686 1093
963 1432
987 1350
1433 1436
810 849
1094 1257
710 1436
1190 1281
472 808
1390 1405
1271 1379
736 1125
1149 1428
72 185
272 833
1001 1064
267 513
919 1071
155 323
150 732
419 1309
217 308
1325 1336
1339 1416
116 586
1091 1404
1360 1388
589 1098
341 601
158 608
505 749
1153 1422
807 1304
816 881
594 836
995 1011
357 1000
1206 1407
306 529
1285 1330
902 1354
1301 1394
371 818
1100 1137
36 639
641 1103
1063 1168
166 1037
937 1117
145 509
822 889
351 591
43 277
564 1113
307 415
3 138
140 753
357 564
1277 1376
1091 1324
117 424
254 272
15 497
1040 1289
554 1206
1391 1417
700 746
620 775
215 379
949 1391
1317 1373
174 1130
1097 1102
1138 1348
973 986
316 1311
747 804
619 1233
592 636
333 492
1103 1195
682 1390
1343 1345
1265 1376
584 830
709 1124
214 1134
523 882
470 1305
1328 1428
738 1288
1065 1305
1345 1352
797 1122
243 869
19 1374
908 1338
130 1247
949 1338
1334 1347
589 1310
243 1029
348 1358
435 957
1399 1431
1105 1287
681 746
705 1263
663 797
952 1065
1196 1300
380 808
959 1036
1202 1330
867 1108
327 739
253 414
868 1164
379 956
342 1353
848 1260
425 544
1365 1434
1411 1436
1242 1355
99 191
51 146
865 1017
465 815
625 1412
16 1276
474 1381
1089 1331
480 703
637 1264
126 405
782 1368
27 45
451 1417
1413 1425
1409 1421
682 947
646 1371
900 1193
912 1086
17 1085
1230 1244
299 920
31 175
73 276
551 1132
1112 1116
674 1347
1127 1365
150 987
1103 1172
974 1387
1242 1319
55 794
448 1240
413 1127
1259 1310
6 1386
801 908
860 1016
656 1181
1025 1277
651 1301
1049 1286
850 1121
1088 1357
273 1421
548 1369
1260 1401
1353 1382
500 669
1264 1398
1429 1431
696 1337
898 1250
1203 1416
795 1104
286 1369
725 1203
540 887
316 1058
221 1193
440 958
576 1267
1117 1281
1206 1212
129 568
168 1034
976 1166
860 971
215 1160
1310 1406
520 1300
1335 1389
209 1353
1092 1195
389 1281
1135 1431
212 1241
1290 1377
342 1345
190 486
273 351
149 703
1361 1392
470 963
1395 1432
521 927
1289 1422
255 788
1084 1329
1378 1392
1304 1345
725 1339
45 928
646 1402
128 809
300 1232
52 1005
1141 1247
515 902
1127 1281
1404 1427
458 737
497 669
63 515
945 1323
923 1017
507 957
640 1268
1108 1139
384 874
1218 1231
1080 1397
1221 1261
839 1380
625 637
919 954
490 1246
145 748
1361 1364
1216 1427
534 1365
459 504
961 1216
447 1361
525 642
829 1436
672 1210
1243 1302
1159 1235
1157 1169
508 1278
1245 1399
1403 1405
1419 1434
633 1398
29 1439
979 1045
1041 1361
1335 1407
1279 1437
575 1243
747 1429
750 903
1414 1426
808 1310
566 813
121 600
87 329
510 1072
451 1337
420 1196
889 930
759 1297
689 1215
594 1439
932 1170
1312 1318
64 137
495 1049
118 1120
328 771
586 852
552 1109
17 698
196 511
1286 1408
523 763
49 248
1135 1183
1158 1316
1068 1073
207 1028
833 1436
141 1278
1003 1209
117 367
288 589
816 1305
1250 1411
735 985
1004 1099
621 1253
1206 1330
517 1242
863 1133
1324 1339
1077 1277
1174 1434
868 1189
101 590
747 1348
955 1133
725 1150
60 825
38 677
820 1302
299 870
1072 1263
867 1120
1334 1423
1401 1435
1162 1276
94 176
556 902
331 904
841 1175
604 1427
949 1094
703 835
720 1324
484 1175
921 1399
266 1396
666 1239
193 844
698 973
1310 1397
1313 1393
931 1237
101 905
1378 1390
322 798
88 200
1259 1357
1068 1261
759 1290
210 1143
345 706
303 491
94 1192
1060 1178
1249 1348
1136 1217
583 596
1143 1171
1221 1295
1409 1428
652 977
550 1215
1286 1409
806 1100
1401 1434
515 849
324 675
110 556
981 1133
1407 1419
318 1307
1321 1378
927 1228
543 1390
65 1036
1004 1021
1348 1361
1438 1439
582 1114
647 787
948 998
1358 1399
1366 1394
443 948
179 1294
1154 1375
395 1294
659 1184
1124 1227
472 613
912 1257
1146 1272
392 1237
124 547
283 693
546 1280
263 917
1108 1439
996 1354
554 641
568 723
960 1274
404 487
1389 1410
325 1240
369 930
8 109
1031 1373
475 1386
179 733
722 1181
831 1283
1383 1438
1388 1418
598 1335
20 1222
411 843
675 680
943 1115
187 1061
346 526
774 1408
777 915
807 1126
1333 1345
132 1396
1258 1266
1006 1436
423 754
44 1335
739 842
812 825
1431 1439
862 1383
760 1169
977 1052
1257 1436
671 821
204 249
421 1113
11 809
92 448
323 586
273 1434
1034 1196
8 537
1104 1386
712 1160
125 1045
599 845
453 470
1293 1362
987 1323
689 987
763 1323
851 1314
639 1053
812 1040
32 470
402 1065
3 434
820 1427
817 962
551 557
539 1221
679 1265
1169 1371
540 812
73 1437
130 967
201 618
679 739
1409 1433
385 737
757 1223
370 1274
1051 1331
1434 1439
502 608
1034 1284
474 1414
240 1290
965 988
249 877
330 1223
1232 1431
541 1244
71 172
1032 1305
645 794
1078 1251
598 1249
1128 1367
1438 1439
837 1086
1174 1217
851 1202
499 1121
1388 1419
143 255
777 1248
401 810
1169 1191
877 975
823 1196
113 473
82 600
1054 1104
265 288
161 1373
503 541
609 895
538 768
665 954
373 705
64 921
1305 1362
505 707
300 657
823 997
1026 1241
603 1000
583 1239
647 782
590 898
1005 1261
950 1248
594 889
640 891
1215 1231
806 1173
1022 1125
1369 1413
992 1254
4 266
882 1366
727 958
308 377
940 1408
75 757
1142 1232
672 711
1321 1381
1307 1419
287 1423
530 1372
1415 1424
1066 1222
503 1360
238 392
854 1300
583 1233
1089 1332
21 1180
310 594
403 1055
107 724
1315 1387
565 1434
447 872
420 726
978 992
1093 1255
1295 1382
999 1345
136 274
1433 1436
24 275
288 1337
1189 1368
296 472
1011 1080
1167 1354
706 1367
833 1296
1173 1375
386 1309
663 1426
238 800
941 988
1011 1429
1284 1370
1028 1431
586 1393
883 911
14 1400
211 770
1191 1245
1110 1435
1188 1363
600 902
669 770
759 1182
1035 1367
599 1105
821 1165
1280 1282
1190 1255
1397 1414
1141 1276
821 903
237 1253
157 793
1198 1300
132 731
979 1228
99 1057
898 1372
795 1299
458 1416
78 508
307 499
1312 1323
220 1048
846 1025
800 1310
309 1115
110 456
480 1280
1008 1176
190 842
720 965
879 883
912 1382
1372 1402
411 1295
105 1016
171 1078
173 1026
839 1304
1041 1104
864 1245
865 888
817 1128
682 1109
740 797
1087 1415
963 1336
6 78
1360 1363
386 734
403 1318
328 1350
628 975
727 1023
106 135
683 1140
1065 1360
458 523
1358 1371
145 455
619 1347
662 925
717 1268
107 1280
883 1148
1147 1200
1385 1412
1193 1277
929 1047
279 970
574 1306
1069 1226
1228 1238
870 1293
1276 1425
353 1215
837 1130
1019 1113
736 1413
477 1244
1131 1366
183 339
265 669
932 1153
498 671
1061 1369
36 821
1351 1378
799 945
339 360
1055 1119
1407 1410
1010 1321
1271 1343
1176 1428
96 1361
993 1436
1240 1385
1140 1315
708 1365
1062 1393
1313 1385
1028 1103
924 987
1053 1304
885 921
121 1158
1008 1268
866 1393
815 1223
1382 1390
885 1265
1309 1427
339 629
773 1277
668 733
466 879
629 1328
312 767
398 874
891 944
1429 1434
473 934
1068 1125
683 725
1038 1414
867 1016
1015 1389
391 953
181 548
735 744
289 336
989 1224
1067 1114
329 547
95 468
1357 1405
239 438
171 344
546 804
372 786
117 794
298 648
259 493
1431 1434
920 1123
849 1253
719 958
682 1149
1186 1388
779 1017
305 420
898 1386
225 1220
1301 1347
787 1135
1177 1291
1250 1417
18 850
153 577
944 1094
105 353
506 766
181 187
492 1112
901 1138
182 867
659 684
1235 1377
411 1408
296 784
258 1375
1207 1430
1184 1229
82 496
1048 1355
619 1390
1337 1370
655 841
391 1245
156 1041
581 697
1214 1306
1417 1421
87 1232
1085 1410
1391 1416
372 1385
435 956
746 1436
1307 1383
777 1057
1204 1314
1402 1423
1 1009
493 1138
565 1407
746 832
890 1149
194 884
181 190
868 1298
364 1281
1349 1425
227 408
341 383
1428 1438
1144 1320
1192 1334
724 1266
702 960
847 988
774 1160
1209 1390
65 810
1361 1395
241 1164
912 1392
1275 1349
339 941
223 412
166 440
76 962
417 471
655 1387
408 1290
321 1062
62 531
378 996
1420 1421
1134 1165
220 276
1238 1320
1431 1437
1130 1181
52 235
154 446
278 1017
1398 1435
1071 1109
211 580
322 346
244 534
1071 1376
1383 1406
261 1107
910 964
1109 1270
766 998
1234 1267
1368 1387
1089 1371
865 1188
1033 1257
1316 1433
846 884
66 657
457 1334
38 568
1227 1340
924 1230
265 994
905 1217
36 754
536 586
784 1411
400 1158
742 762
995 1292
348 568
764 1021
305 1337
1270 1324
256 396
250 373
518 598
267 800
593 1154
935 942
787 1135
1155 1326
1399 1412
667 1097
1177 1331
648 792
1374 1398
1428 1437
15 50
521 658
1092 1173
1140 1427
1091 1155
1014 1226
957 1036
1301 1430
828 1184
10 252
554 812
1210 1265
1393 1401
21 525
1215 1329
908 1254
745 1149
742 1248
801 1111
193 441
1015 1369
325 1122
39 726
1361 1434
296 1238
1431 1433
695 922
260 959
106 236
414 1196
313 620
754 1175
1151 1213
49 1186
1273 1416
148 716
331 1276
1427 1433
581 860
1284 1416
1113 1375
78 858
620 1233
329 650
237 1402
578 629
1434 1438
1118 1193
515 827
595 850
1264 1381
999 1179
1339 1382
968 1407
751 1330
940 1181
489 926
111 440
871 1185
322 714
776 1168
851 1290
70 481
774 1236
1173 1326
1353 1400
442 1365
58 942
217 262
61 181
1211 1238
876 1115
458 1220
574 1262
295 967
320 1003
473 528
1242 1439
908 1285
692 1375
858 934
537 1165
419 1202
1238 1364
1098 1185
1117 1232
1224 1259
197 502
929 1182
1309 1400
777 1137
920 1014
1046 1258
226 231
876 969
1316 1337
37 734
78 463
593 1422
902 1284
338 893
1406 1414
1042 1310
1264 1392
1422 1436
912 1178
1285 1292
1223 1288
727 897
143 1227
524 949
1012 1407
945 1413
184 1184
754 1318
1313 1327
1114 1343
6 1426
716 1392
77 1098
1129 1380
1409 1434
1399 1419
346 1355
696 989
46 1077
1250 1359
507 543
642 831
270 478
618 629
788 857
720 998
321 659
1098 1315
950 1193
851 1280
830 860
109 697
758 1212
34 519
893 1007
621 639
808 1117
1107 1169
702 870
739 1150
872 1120
1020 1028
840 1190
265 596
1321 1433
486 861
932 1373
853 1249
1191 1331
722 952
233 384
7 828
1324 1368
117 1009
627 923
438 1077
1058 1270
412 899
147 1053
1239 1296
173 1385
677 826
1195 1312
1198 1314
814 970
469 473
574 1325
332 1151
1322 1395
593 832
943 990
1432 1434
623 1298
60 1437
112 1390
831 1414
96 591
1353 1365
1124 1332
1156 1157
1359 1425
69 286
911 1112
1207 1373
488 883
253 684
542 877
599 821
1035 1379
453 1313
915 1213
1202 1223
408 646
1430 1437
191 330
359 1096
1291 1331
501 1323
265 468
793 1377
658 703
1265 1406
979 987
1306 1404
377 1216
73 1245
1334 1372
750 1218
449 1159
1205 1419
1351 1421
855 1434
181 1350
788 1312
760 1157
192 304
310 447
1146 1306
767 1357
791 1342
816 902
112 230
753 1140
491 1255
557 627
131 359
204 811
25 1098
560 682
483 972
850 1278
311 784
445 913
664 1376
510 1150
1303 1354
258 585
234 615
880 1292
786 797
1389 1422
16 982
152 1319
155 1386
645 1249
939 1384
1433 1438
1393 1414
711 1408
985 1368
1434 1439
618 782
732 1015
471 704
700 894
699 896
674 769
794 1050
1421 1428
1080 1380
467 1102
682 757
300 390
1028 1374
882 1362
706 906
983 1311
1217 1350
1040 1104
1351 1353
493 1008
1199 1232
765 1050
606 949
1209 1273
721 821
747 873
930 1397
848 1186
1090 1227
553 677
555 947
763 1415
203 472
1134 1401
552 603
669 1069
568 1019
604 1191
1317 1396
724 1220
192 849
456 1121
64 1405
1214 1431
1277 1393
1173 1309
1070 1269
1078 1387
955 1231
359 1230
803 865
1056 1302
1411 1423
759 1296
1330 1354
271 276
1214 1396
1295 1368
81 754
813 912
323 760
1141 1416
561 756
1106 1402
1300 1304
1244 1393
151 805
185 1012
1279 1333
550 866
1009 1146
825 842
1148 1415
393 691
28 1201
535 1070
93 373
347 1428
185 610
170 1167
391 1025
223 1214
867 1149
499 1210
304 789
78 277
304 1297
53 517
775 1370
1332 1375
131 707
1305 1417
1305 1427
352 985
453 1297
62 1165
345 845
1266 1369
1120 1191
1355 1436
410 741
415 1252
550 1199
7 1196
905 1281
622 1436
770 954
1091 1115
706 1096
1074 1136
600 1178
356 472
876 1230
1425 1437
319 1050
168 306
161 1203
1263 1321
787 994
512 1187
1000 1145
138 179
287 451
257 1293
1416 1429
997 1328
529 1098
257 1128
917 1335
290 1230
12 734
1234 1303
1093 1287
887 1388
822 1275
1092 1192
839 1293
717 1157
1299 1406
1157 1336
517 1375
161 471
436 510
620 709
856 1434
384 390
1121 1161
244 878
1114 1400
826 827
1126 1191
732 1127
170 1196
444 738
55 121
72 910
185 271
328 905
620 1428
748 1041
41 749
1367 1389
428 454
999 1246
1108 1327
1425 1435
379 900
405 1336
228 605
1226 1319
662 997
336 1010
993 1218
1296 1378
240 916
1141 1244
96 1129
706 1360
393 1383
307 514
1215 1225
545 1134
390 1263
87 125
501 1138
366 567
689 761
1385 1393
524 1261
227 541
1184 1248
708 1013
4 1105
1438 1439
1353 1414
904 1411
831 1418
860 1425
487 1281
1404 1427
241 1231
1271 1370
1276 1347
41 211
637 766
983 1032
643 991
55 832
1223 1299
1070 1306
1185 1257
702 1021
1092 1245
17 213
558 1091
468 1173
55 420
692 1046
735 884
358 1377
1245 1419
264 988
939 950
488 1249
534 1162
1018 1320
1255 1437
1248 1433
931 1254
400 1118
829 890
1119 1210
620 977
560 760
45 873
981 1111
1119 1253
744 858
1311 1427
459 863
111 114
220 274
187 1238
504 624
1197 1266
617 1000
852 1041
442 1188
868 1121
842 1343
947 1421
134 1147
1082 1304
29 425
722 1065
273 644
85 864
493 1340
534 1243
182 209
1024 1119
64 898
461 635
882 1248
218 1306
516 731
103 1188
862 1072
280 1194
467 1316
1109 1121
680 1389
185 648
1419 1438
392 476
1195 1239
1295 1413
1206 1294
386 1336
404 988
788 924
118 1089
913 1128
418 1219
397 1086
393 514
898 980
1233 1384
1134 1342
268 603
1018 1401
665 1223
427 819
442 729
1123 1222
1269 1405
1188 1221
546 1258
734 1005
689 1300
1087 1304
210 548
1200 1287
709 903
1007 1099
784 1022
226 277
1369 1384
151 571
1199 1218
784 983
242 545
550 711
916 1369
1327 1335
345 630
901 1314
1339 1431
1131 1152
655 1127
1263 1317
703 914
1069 1087
1409 1436
1229 1232
391 774
1274 1323
955 1379
1329 1423
1284 1372
226 448
428 1069
1038 1296
649 1055
280 286
1120 1271
785 1274
382 397
1033 1403
390 1298
1436 1439
627 659
394 858
946 1280
964 1355
418 694
39 1265
929 1386
1072 1293
629 709
230 1055
1396 1432
1285 1330
320 1289
1209 1241
1328 1354
836 1357
261 758
1383 1429
245 1278
1130 1250
1121 1263
769 774
1141 1425
426 481
858 920
9 180
114 1194
290 774
1242 1376
259 1211
276 357
1265 1317
1235 1249
413 1418
264 781
1235 1286
1338 1339
1393 1400
835 949
1034 1425
41 1363
409 1069
148 1278
269 1269
527 1362
859 1148
608 618
387 760
909 1135
140 937
1142 1316
198 1194
1034 1090
435 1237
417 596
232 583
1382 1386
1349 1411
1009 1151
1125 1301
1312 1410
447 1110
1229 1376
1129 1328
763 786
626 912
541 1018
391 896
305 421
703 741
1401 1435
584 1282
159 439
350 906
729 779
942 952
1268 1385
376 1179
768 798
1401 1428
663 873
1343 1387
987 1280
1064 1281
870 1184
121 201
1263 1405
255 1397
1378 1404
940 1104
698 880
1143 1206
657 957
1115 1261
1099 1389
648 1004
1281 1356
1006 1047
1263 1336
494 749
616 1379
815 945
73 873
1089 1186
347 1374
504 751
455 1380
547 938
415 980
1304 1376
295 1386
986 995
1029 1296
1237 1294
213 986
395 1074
635 853
173 918
861 1062
813 1338
57 623
1210 1315
955 1360
579 1203
107 450
957 1164
287 798
1367 1392
878 974
1011 1280
1162 1336
91 882
1343 1361
221 357
109 678
809 1007
90 1320
564 888
1122 1233
808 1439
890 1371
1008 1404
1416 1438
1284 1355
1068 1407
183 1354
1207 1286
1117 1350
274 885
908 1406
435 823
877 1045
1426 1434
1036 1134
172 193
675 925
549 954
770 1006
287 920
1179 1312
1313 1352
1336 1359
64 905
201 935
78 282
434 1124
1180 1283
1062 1067
417 575
1363 1368
870 1022
30 1428
770 1405
960 1182
724 1437
466 1183
585 741
1010 1117
1070 1115
1203 1218
5 230
530 1361
166 362
55 1418
1395 1412
728 824
890 1094
579 1283
1281 1349
684 1382
372 1030
639 1247
1425 1432
939 1192
782 1254
1315 1339
1276 1410
981 1084
1426 1433
1251 1354
52 83
495 1266
234 878
255 809
507 1059
637 966
1083 1384
677 735
689 1282
772 1297
834 926
1188 1373
293 1180
505 1395
676 1208
188 331
893 1329
833 1260
296 1033
1077 1245
813 1254
898 1192
187 1237
1019 1215
1277 1294
922 1230
56 1302
597 957
684 826
174 759
81 1003
1114 1343
435 1122
1391 1403
56 582
465 500
34 561
283 884
585 804
373 540
1159 1327
1348 1434
874 906
1227 1412
680 871
1421 1433
982 1215
286 978
1408 1431
255 331
276 492
391 958
192 1400
654 1041
765 1421
1072 1351
1315 1428
509 535
965 1384
255 1225
1059 1244
134 360
737 961
345 408
1098 1309
1380 1437
719 1247
913 972
491 1337
1192 1435
550 1325
1136 1148
412 1142
873 1115
323 756
1025 1067
908 1056
137 1303
1335 1410
89 239
1180 1407
652 895
322 693
436 1340
823 972
216 1180
1194 1404
1367 1426
682 1101
215 942
573 1073
680 1324
852 1164
17 285
489 702
300 1391
1086 1323
86 970
239 565
623 765
148 649
846 1160
495 1124
61 1194
1349 1366
717 728
509 1104
606 764
1000 1235
1287 1315
741 834
1196 1330
1034 1157
1379 1424
1008 1208
1109 1113
369 412
1361 1370
590 624
418 692
533 994
383 806
1161 1375
723 1263
1141 1203
1052 1078
1184 1212
59 1431
1438 1439
262 967
93 933
494 950
663 948
498 1352
1391 1403
1242 1396
1390 1410
1087 1201
1343 1430
868 1060
1213 1416
1238 1438
961 1401
64 226
1077 1304
995 1336
178 924
962 1215
497 795
473 868
742 1141
1266 1342
1351 1406
385 763
1418 1426
37 719
352 907
138 271
912 1036
264 397
1366 1369
306 881
830 1017
784 1359
811 1377
667 981
75 420
299 1368
1246 1424
374 881
597 637
1046 1275
250 1414
647 980
188 469
618 1051
550 906
1136 1349
405 637
1416 1434
1122 1174
1328 1414
863 1264
1023 1237
98 166
296 956
113 256
1049 1359
990 1127
922 980
752 1257
374 1139
722 835
792 1345
906 1421
639 1299
701 785
127 167
353 1191
27 676
535 1074
1168 1330
5 1397
1132 1342
568 724
1245 1339
1387 1403
16 253
806 1361
1165 1172
703 1056
915 927
1269 1438
443 627
427 1263
1256 1361
826 1230
116 1299
1163 1197
407 415
1203 1285
718 1333
576 1207
772 1098
1211 1294
878 1327
1111 1292
173 394
276 1011
264 1211
296 895
648 1296
1022 1054
104 1096
1093 1318
447 856
1049 1211
683 1337
1166 1263
970 1017
1033 1193
6 548
224 926
142 325
741 1090
698 1439
952 1089
1130 1297
43 900
281 1308
45 841
120 1274
71 140
1309 1364
992 1187
73 276
580 618
614 928
1265 1334
1390 1408
1118 1204
918 1105
393 462
699 1144
939 1179
500 1325
1160 1202
444 776
992 1405
1433 1434
424 465
1334 1412
96 752
190 452
766 1213
25 457
1026 1073
988 1303
57 518
561 901
1173 1309
614 627
314 753
333 397
1289 1338
968 1229
647 1259
250 757
201 756
753 1000
767 1268
347 661
18 1110
1069 1179
49 766
565 1368
913 948
717 1361
763 1122
249 419
1130 1342
194 322
497 522
965 1113
908 1299
170 1191
953 1047
413 529
477 672
567 1355
14 1276
534 826
355 790
636 800
961 1238
685 1252
7 1128
859 1057
669 1329
350 1203
1117 1334
587 1148
456 831
419 549
203 852
1343 1386
672 846
1384 1424
736 1062
1275 1406
505 834
430 781
1243 1268
657 1383
795 961
36 1326
731 971
1310 1402
743 786
10 982
433 1409
602 1390
538 1206
41 870
642 971
426 1271
37 1249
1373 1417
7 685
591 895
1317 1384
654 1223
301 809
1256 1291
844 1355
1060 1407
923 1291
360 707
1104 1184
1057 1154
838 883
1283 1427
1177 1258
672 1223
1381 1432
617 1066
269 955
473 1439
1327 1351
1013 1118
1046 1165
188 1384
955 1020
10 65
329 365
329 721
865 892
148 948
1025 1233
370 1184
1373 1390
1118 1361
974 1030
1422 1423
948 1224
853 1156
138 605
299 320
750 822
1190 1375
225 278
207 663
273 873
774 1291
1262 1289
205 916
535 902
197 1108
667 963
318 1270
923 1351
794 1420
240 699
1077 1352
539 1076
1296 1432
227 899
1377 1383
1111 1393
1102 1392
253 1215
1018 1377
1120 1306
114 703
92 199
1394 1436
854 1136
368 403
643 923
812 1016
672 1288
1324 1333
1048 1082
704 1258
270 1300
229 733
789 1097
763 1035
1377 1434
400 1296
752 1033
1363 1388
1425 1434
578 806
320 984
1280 1396
77 171
516 1181
547 589
803 1431
1322 1334
1174 1404
773 1199
618 773
302 727
120 625
631 689
726 1292
838 1220
1399 1437
1254 1421
594 999
1106 1108
259 724
543 895
966 1031
641 1349
1304 1364
902 1209
202 551
12 1375
465 921
653 1430
19 182
1368 1401
685 1250
626 1340
868 1083
1332 1361
209 982
1302 1348
202 1246
1156 1169
1349 1350
951 1173
1264 1367
412 1176
426 667
1048 1359
857 1280
1385 1420
1234 1243
714 752
79 1057
186 964
1267 1318
1363 1364
856 947
511 1132
631 724
1239 1343
1029 1318
957 1323
1130 1164
77 1312
1406 1408
1237 1380
965 1396
5 400
814 1403
124 951
620 996
164 225
62 627
47 418
539 1090
113 1417
380 1318
974 1276
419 601
729 927
103 383
1205 1422
112 180
896 1267
236 743
90 1258
229 1434
861 1359
134 1338
89 175
120 615
448 1060
1162 1389
851 1392
370 925
907 1400
907 925
196 719
875 1117
959 1056
1168 1367
1017 1278
246 525
1399 1421
271 1100
504 917
1161 1430
590 951
948 1412
295 621
1393 1413
1040 1055
1055 1270
1147 1202
624 1241
1274 1426
299 760
876 883
167 1230
924 1431
1158 1410
838 1099
607 845
370 738
380 1112
783 1073
1360 1371
124 345
169 296
381 449
1142 1343
985 1134
711 1144
903 1177
291 1032
1349 1394
1045 1307
206 996
548 560
441 1199
56 857
706 1292
1105 1195
1230 1381
470 1438
1146 1286
455 748
451 477
186 1166
99 403
982 1424
27 1013
1265 1384
706 1312
1428 1434
647 897
658 1223
677 1356
13 379
1378 1400
61 1366
1133 1371
806 952
1135 1392
1110 1369
802 1402
1005 1101
842 1365
972 1048
1406 1416
1009 1322
602 705
460 659
1428 1430
465 1381
182 1416
55 307
939 1042
1250 1301
828 845
1121 1343
614 1138
619 973
1112 1343
143 1281
366 623
572 629
183 972
905 1214
1245 1332
917 982
1344 1348
178 423
104 1362
1340 1391
527 587
1137 1347
964 1283
588 1039
136 877
726 1382
264 946
903 1088
33 1061
1344 1394
578 1209
108 114
442 681
313 460
171 235
97 711
1437 1438
1255 1428
389 602
1308 1344
359 1300