1000 98 156
16
186
913
860
2
271
989
480
708
2
746
332
39
907
164
445
885
426
823
493
476
150
743
101
200
499
63
148
389
643
99
418
870
924
222
866
353
817
356
838
524
621
347
785
762
507
652
521
727
697
221
307
587
220
196
854
515
668
599
502
590
865
417
395
254
939
633
238
436
628
886
212
667
531
862
39
71
325
398
529
992
179
301
852
114
272
396
416
483
713
707
383
641
857
319
135
823
456
598
602
971
334
806
963
609
252
329
729
275
817
280
470
347
85
508
953
109
503
394
545
793
690
996
484
815
462
55
553
799
31
725
453
510
745
775
294
311
678
494
259
74
438
797
142
490
741
923
167
609
537
478
654
69
200
661
345
185
840
456
604
583
940
471
533
863
269
957
773
283
316
331
83
570
658
292
917
712
423
953
262
265
25
695
780
664
990
851
816
742
753
874
670
598
271
469
207
596
732
123
146
240
72
85
284
831
60
902
56
473
7
205
593
880
657
310
413
794
605
819
655
272
914
889
133
932
571
683
17
779
656
221
170
298
184
213
989
188
373
573
392
265
897
131
835
988
886
683
768
911
846
783
311
690
853
225
208
349
323
399
624
170
63
169
987
64
605
760
598
910
890
238
373
872
492
399
890
506
593
164
833
567
185
307
309
169
284
533
195
200
801
816
618
689
738
37
133
176
459
639
141
460
122
473
275
741
593
657
545
541
216
338
87
587
13
385
710
604
182
928
683
62
857
592
825
692
850
683
466
381
654
984
92
986
944
526
328
317
744
376
339
263
490
107
108
478
974
570
482
956
551
793
563
806
699
577
933
687
696
232
352
319
159
1
246
819
322
557
223
238
600
925
500
619
211
181
681
572
513
65
740
361
853
693
365
579
379
746
890
217
446
875
675
363
737
318
412
469
745
597
155
134
368
148
983
98
305
78
743
181
998
335
739
160
987
745
157
10
766
246
79
441
205
959
586
402
953
990
732
733
445
126
325
318
208
624
912
122
589
696
779
477
411
378
831
816
23
34
423
746
522
477
988
736
282
670
659
156
336
53
532
255
484
7
943
761
933
505
443
282
529
614
750
950
157
16
30
653
299
172
444
121
469
684
875
942
675
588
344
174
163
684
798
113
413
881
552
779
839
823
437
260
144
930
973
883
413
943
539
843
678
390
924
420
648
820
49
419
941
516
776
418
462
434
159
26
186
619
644
836
965
437
991
208
656
367
721
417
529
681
202
933
961
276
348
861
80
728
401
712
711
956
124
29
748
578
650
216
138
831
132
602
275
625
655
845
916
627
137
740
423
167
534
764
238
160
625
654
514
751
112
726
260
448
856
374
536
268
596
174
122
457
482
30
567
426
563
278
712
548
213
606
146
470
812
942
682
781
930
429
49
354
862
354
289
720
289
248
543
301
193
489
119
321
214
461
201
929
643
295
54
835
605
716
129
884
384
187
137
619
578
321
878
974
803
438
60
775
128
695
651
439
386
650
239
651
599
4
209
179
365
363
680
955
956
900
631
878
458
745
951
494
513
3
517
387
295
418
511
190
521
701
599
586
275
3
808
618
284
784
337
849
14
703
850
150
72
280
639
921
569
656
599
661
70
467
10
794
233
746
508
8
317
277
233
520
400
231
204
527
655
183
137
675
994
134
7
654
866
762
879
295
309
257
794
903
900
774
267
513
398
831
412
419
916
128
73
527
460
445
313
829
598
744
540
483
210
529
937
959
728
973
560
650
73
965
718
22
910
67
171
624
806
388
574
968
877
783
17
713
360
964
102
180
39
84
236
329
387
233
123
893
613
966
529
100
800
456
733
925
770
476
935
564
713
144
989
622
883
49
535
109
484
564
342
521
606
294
524
104
974
628
680
424
291
583
936
655
329
909
770
255
419
7
312
903
619
355
698
996
91
301
377
498
576
885
402
381
445
696
91
534
377
516
619
828
820
202
43
161
674
644
658
697
104
59
352
236
878
33
110
446
432
149
575
57
594
198
609
671
261
79
351
377
540
81
977
226
222
579
217
242
544
429
856
903
550
760
602
708
598
566
497
262
669
168
534
929
456
960
13
8
165
510
590
555
14
285
468
362
925
330
16
398
789
873
433
191
872
787
148
562
98
891
675
354
875
242
587
562
227
278
120
140
709
221
422
873
681
207
904
206
707
824
587
455
87
911
488
123
957
905
833
38
498
591
484
399
240
467
518
544
580
42
401
264
40
949
784
957
102
912
643
446
369
638
524
214
827
597
914
258
695
665
399
705
351
658
324
280
592
