-73544
21962
-93299
-43537
20191
43983
-49462
-53669
-23517
-11121
69898
-92649
-18432
-7459
74724
40580
-97656
86326
-35696
55247
96374
-30625
-2241
-408
-94644
18776
-90940
79327
-45492
28963
69977
99229
9751
89221
-46615
-21314
20916
5879
-44124
70250
14208
64334
-87467
38547
24769
45298
27970
-65095
-42746
92983
92385
81287
62125
-7398
36276
92065
-24796
-88235
-94431
-34870
25952
59498
63991
-51227
-30927
-65088
5986
74481
6243
49409
-44721
36645
-6645
-33192
83861
-80961
12149
-75184
72911
52041
-46529
65283
62199
93230
48757
-88840
-50122
45778
65056
-28384
24345
-13187
-62675
47865
-35476
93280
39052
-59291
-86980
9679
-59638
28114
32995
-13418
37212
-30268
-41965
33085
-44963
70152
75853
-55084
-7936
62702
-72729
-20645
-31879
-45527
65754
86220
-50820
-25993
55852
34225
46576
56904
20739
62054
80556
-56786
-15178
-27833
-15292
-84489
84282
-67432
28082
-3707
35807
75538
38952
61807
55809
-27315
-63457
-29758
28611
-29833
-34719
-55803
-93035
70151
72000
8034
92193
15901
-32741
52011
-72617
-37350
-59742
-96405
-95509
45137
-91378
-23275
78699
-25000
-18412
57885
36675
55572
77830
54412
-21675
-30967
-6572
-97471
-6582
-61034
39958
45113
-55381
-92787
-90880
-93554
-4490
-84728
45904
2098
-39361
43561
-34541
-22424
74118
-35224
93756
31218
-8977
96878
-90034
-80768
-38233
-29292
-8284
87248
-23391
-92258
-59726
75979
-60153
2495
36990
-45034
-45721
-88376
-27938
-74762
-7976
-88414
48661
39481
-90890
-13500
30498
40012
17352
-33891
-54477
97128
70824
89375
-78527
-23706
-17062
6474
-78855
21838
-29949
-8830
19810
-32255
-77479
32524
-74429
63777
-37008
-51183
88259
-47678
-49668
-91680
31804
-25678
-60819
70706
29338
-12466
-98723
-61611
40729
-72771
36195
-90847
82954
-89866
-56128
17433
-56960
51879
40470
80060
98299
-26982
6431
-27036
-2512
-93168
-85336
-96740
-75898
-80408
72663
-61379
-73581
-18945
-50689
49212
-81288
8283
-49010
-30236
-20825
-85423
-38638
-24444
48451
27828
67625
-61391
-93099
8166
82188
-57293
91622
-51271
33266
32352
-55243
57165
13674
73982
-11260
87956
60737
-19965
-82365
-7677
-54692
89201
-20265
-88185
-66318
-95765
-9330
41689
-9082
-92232
67559
52273
-69127
-39753
78886
22206
46533
57313
86834
23135
-25845
-36365
84304
88749
-91066
29360
-35153
18641
84529
72409
16316
45236
90714
-69818
33050
4798
4977
-96259
23363
9792
-62851
-68524
10967
-9534
-65301
52080
13445
94566
-1168
5240
-23204
401
-87725
-96978
33490
-5459
-98980
-58154
-38216
24378
27896
-38174
1630
-22416
-5338
85391
17409
24895
-41815
-28379
-42095
-61940
62945
4061
-97907
26881
19305
12424
-93910
12642
-89755
-24519
92425
57376
-17324
658
45189
-82834
-17715
73404
-540
21176
-54869
-16091
-1747
25337
14569
-76695
-3072
97501
83507
-69373
39537
64865
-43864
43845
13730
83258
-9173
54135
-72219
6896
39844
-47704
-6843
-44691
-18377
21973
69003
-35404
5738
60688
19445
-9788
15728
-14594
25777
-45199
-42897
3067
-70986
81028
17901
-99601
33741
-93274
77784
-45522
-83675
35769
-1540
-55737
71700
50106
17030
65279
26926
97176
54708
-89155
41877
-24306
-89909
-41095
-22738
-79067
-25479
-40068
-89617
-21325
-43631
-82302
30443
48765
-82086
-99956
-1705
-3795
54712
-88259
-69271
-65607
-979
-74670
40912
-9174
38522
13972
37845
74144
-8769
58282
-20077
-49454
-58021
58156
-58892
-65161
74888
98696
33184
-57280
73496
7243
-45665
79046
44822
-73594
-45117
-7442
83427
-84895
94981
-30214
16860
37255
78777
-53484
-93998
-85866
-37537
12867
11975
37764
-72330
11966
-67688
-61021
94899
79803
80668
20343
57832
-80046
-90737
68609
72167
76732
-51303
-62754
-59887
-67278
13079
36430
-21844
-88252
42281
-60637
-18786
37726
27723
65193
-21406
40597
-68450
-2347
-81623
45465
28051
35502
24575
92775
18415
44790
17472
18805
91187
-61123
-70352
-43242
95309
-36029
44214
-55165
19898
-95691
73982
82347
-61367
-75050
-60586
-60618
6241
-40339
-17359
-38329
35727
59486
37303
11016
40558
-94152
-60623
-27678
-3349
-47822
69438
14900
-72528
43293
-60987
-43211
-52771
15395
54341
-20228
60204
-35594
-33537
36790
-93804
45894
-10752
5598
-76437
-57164
95850
57321
84268
17974
81611
15883
93187
21457
750
89892
-31230
42064
96443
-95881
7180
69317
34946
27436
-32508
-95602
-54575
24185
-40667
29467
94382
-27338
5761
-97809
94579
-38321
39344
-52865
-54735
28137
34162
49948
-44644
40187
-79560
-40541
34973
-57358
89877
65598
-17870
11556
-19299
-82659
-42684
49598
-67263
-80223
-77051
36969
-59140
-46826
-49540
-94929
-54237
89290
52433
54628
-17815
37894
-79369
-22808
-27988
90343
-13436
24471
9693
-44856
5269
70812
98745
5961
32110
64579
42949
9374
2260
33413
-13444
-21644
34517
-53208
-68897
-12064
-61719
-5633
-46289
18397
-37136
-12161
-41118
58998
-15585
58119
67827
-28608
55055
63052
-11324
58914
-11402
19331
-80005
-33635
-91344
-27623
-56001
-41090
-75904
-2067
-44351
-78796
29503
71664
-64353
4859
43771
65832
-23860
-8946
83825
-35174
-16116
-9573
48785
10475
99374
-28808
-64825
-76058
-90777
-71477
-77805
37550
85913
58386
-46322
-14404
66493
73225
12940
-48275
-22646
69485
-31374
32744
56871
95877
-81173
-46171
-11823
26815
-35020
-20486
-5873
-53425
-2594
-7550
-88407
-89606
-85333
6002
76169
-70769
-9561
-74584
89930
18836
87899
57768
64240
-40427
44528
-28716
73290
-49372
-96766
29637
92681
70886
-16710
89381
-55870
66818
71729
-10794
33689
-88288
12177
-91749
15597
38916
39149
75317
-49145
98009
7862
50836
42272
-42704
-41345
55352
-89278
9015
83086
-69660
81010
31130
48750
35623
-52981
-65424
22857
-33819
85025
7449
89621
-87946
61905
-56809
-79351
82141
-9544
17632
-70207
-79438
-67074
-35507
23343
53359
79746
82211
25667
63190
32325
94726
-40249
-94270
-20965
-10070
-48270
-92319
-74989
81674
36581
68265
-42247
-9623
82604
-56767
-24719
-62447
94650
-66734
90654
-34541
-66948
85549
-46063
-35995
-3425
-85361
28706
-97243
-35016
-64985
-49249
-38276
42284
22229
98208
27228
47310
-58833
9008
-93550
-27332
-71835
-21170
57782
53875
85741
95394
-81072
51191
76836
60767
-85699
61334
8415
-78651
-63433
31713
23643
11621
-65153
-89321
77588
-90391
31766
-19600
-3575
8275
44847
-70207
21592
61697
74313
-86747
74794
36336
12219
45717
63328
81129
-2384
-56411
-93989
88319
-63662
-51411
13254
98108
-41975
22544
-77085
-64934
48581
95160
-35438
53127
44088
37964
-74884
44995
-98141
71016
-8162
-41983
-67098
46229
13061
-18468
81175
-43683
72594
9197
77142
-88480
63205
-248
-44339
8083
-49784
15116
82636
-99860
-4465
-9605
-82166
13033
-55161
95844
-86597
34863
73289
34541
-37754
-18521
-24920
-41453
22200
-2361
68577
-48168
81451
-71920
-44459
-45990
-49870
78264
-27405
-55612
51798
-44198
-98300
58141
-12127
-14495
-18597
-10777
-59281
95770
-60529
-63464
-12144
96102
10481
-96987
-92140
-6592
-87534
89555
75677
79008
204
17571
-5016
59063
-20064
-33434
-86896
1066
77009
88004
-78829
34461
64618
89862
65212
-33505
-33556
63824
-70375
15926
-22860
-38021
-83505
4360
-74588
33851
12582
-13792
71540
-65965
16077
-52244
73631
9942
-40966
-20981
-51910
79932
-636
32176
-44506
-61136
-37054
36459
-83969
-9621
-38680
-9678
57834
-53338
42334
16597
-39906
-22299
-77125
-16028
10129
41550
-93241
-83269
66839
-42283
-29668
17554
-89203
63940
-63375
88496
-76124
39204
-80917
48423
89673
55875
30624
58473
92236
81866
-89148
-37862
-33596
-88069
-74753
-4467
-24879
69714
23956
-27433
25774
6273
61336
41101
-59818
50881
-14300
-69044
75227
72748
52277
-4560
-95592
19624
-18934
-59158
55400
-70772
-46666
-54113
-84389
-3120
-60270
99600
-79959
-25540
-65410
-83050
38655
4488
97378
23312
-80522
72372
3691
-80922
-60992
17772
2228
-19498
45737
82549
97188
-92301
24537
-59124
-25670
-64879
75274
23492
-3781
95463
65291
43090
57798
-19824
92985
23453
49295
43049
80318
38081
-69519
-59362
-96422
10038
24124
26486
15763
-43869
-98147
-53438
55743
-57635
-98122
-34344
-36304
75123
-9636
88298
35038
-13869
-7764
-12944
-76556
4369
-31666
28534
15969
-70658
-9382
80796
62456
32723
10252
87920
64761
67468
-28284
-94866
-41370
-12563
3033
16677
64902
7373
-17526
-84325
43775
-98661
25580
45200
62341
83741
98796
-83717
-60632
-88798
-69892
46750
47429
29160
-41250
22112
52079
99719
93566
75891
32032
81645
-19309
73362
11658
-48601
39411
-97382
41187
-99039
-73934
28594
-76781
-20501
-98183
11334
-11989
14772
-44110
-89086
-51974
-94130
-79542
-49274
93500
-21409
-43412
77435
84868
23465
1210
-9255
-40796
-325
5724
-19092
-91512
-25021
-63816
-80401
-38591
37637
-22061
13331
-77880
70908
25107
74443
7498
-48290
83555
32367
-3146
77090
25508
48446
-68835
-8088
-31551
-65888
-74015
-2358
-12870
40649
88583
-24099
-16193
-93515
-21932
-40290
-32784
87160
58790
-8610
-70774
-23675
98961
91815
-63882
-97584
92902
23105
56367
63152
10980
76146
57056
-66602
-13867
6130
97827
-42665
-19934
-4831
-44865
-18388
46927
71611
96630
-88028
97513
83740
19997
-773
-34920
30944
-34269
-63886
61717
-84693
92588
49412
46081
79804
-49712
-14558
-56974
-23491
-59619
-50841
-60641
-29212
5027
773
-57142
-45403
5475
-1370
-81124
-36411
-33160
-10070
30012
62745
8820
-12276
34823
-92949
55575
2357
-18398
-91963
13732
63462
36099
-17029
-19858
48177
-78015
-38240
94483
-24094
-74474
43322
-32780
-7845
25061
-65806
55860
-14216
16853
22374
93408
71674
-87896
17617
88849
3453
-21909
25678
-95044
54367
11718
14737
-89938
38454
-49589
-29649
9369
-3899
-10841
-725
-77372
54963
-80395
45215
-43192
91846
-20058
-39450
84893
-91487
-9687
-25715
-90886
-85812
-81005
82926
11361
-74422
83300
89241
-75939
45282
-60431
43992
3558
-15959
46556
46973
13190
81800
7276
-40915
-13295
75462
-91335
97387
51601
56516
-16104
21264
92034
91422
-66445
-66512
90622
91655
-53835
60269
47900
37524
-62114
-54286
-36109
59691
2795
-50383
32806
63520
44818
-90699
-38955
65782
-34215
98809
88205
-91526
42733
-94395
97974
28479
-20687
-60509
26374
98557
-85359
-36760
87985
57648
62337
57956
-47672
2511
30313
47536
68487
65590
18235
-52541
-68059
99454
65464
-57518
-48769
42626
-16742
63128
46962
-62045
-35532
-27092
-14829
-45218
-71306
69412
91336
41988
-77166
-16822
-73252
95442
-29284
80656
15491
37399
85129
82932
56966
-21145
-24823
18649
84776
-30015
-78568
-81791
-56958
56200
52397
32343
18695
-96920
65110
28036
61594
22251
-31423
3217
49011
19395
-14454
12759
88301
-12343
-69180
82468
38682
69491
-14596
79710
78989
31593
-71032
81751
-74943
95384
-26235
-96808
72851
-12635
-37686
43585
8824
89273
9518
-9862
-72461
82566
27658
21791
60188
-72431
-82983
-97094
-72211
18799
-84541
-71774
97174
89226
-14367
-24697
-69427
20986
-3281
-99086
-23224
61886
-12373
17416
-44247
-53081
-72093
-34995
-80672
3637
84399
-53514
-54727
79866
-98280
-17898
30611
-79047
-84976
-27783
-96556
-29512
-45979
-81523
50577
-70449
61554
-77202
-24587
44256
39294
-44696
78790
74673
40241
60219
-5573
-42065
17636
35943
-85032
7252
-23889
91650
58006
65708
-67943
71189
42015
-82633
-68691
61371
43263
-80268
84435
-18528
-40698
-13073
15955
-47244
-94846
34131
-71977
46520
-55207
-4050
-30711
-25285
-42971
-38933
-82583
-74089
-52622
66345
-55024
-30861
70479
57176
94741
-11559
129
55354
47996
-80780
-8540
4956
-27046
-13816
-13591
-74905
-30734
73296
60737
24510
60582
-44864
-54654
-58362
-64471
-11506
-29802
24773
-9725
68266
-3872
17097
-86804
-83850
-13645
72014
87437
-16727
-80994
22096
-20711
-82402
46018
86612
57314
4830
-39072
72711
84593
46409
-41341
-16838
23362
-20880
-51203
-36491
92913
38376
99226
-98268
45471
53779
87220
-98231
18768
52030
-58856
-90251
97297
40267
35110
9323
-79472
67494
-65835
-98423
-25269
98062
-11049
-5294
43456
53040
-78067
9698
45792
87598
-40320
-37853
52956
85264
39688
-15927
93234
-75711
-83064
-91601
6038
-54121
62483
7778
72907
-87654
99479
48398
-13863
-57922
42792
29467
-14860
-91906
56335
64985
-10932
98638
29532
-60578
-23532
78954
-49537
-86825
-93837
-94811
56670
31274
-95478
-88155
43999
4562
-55416
42681
78400
-62110
61477
61270
-30541
97414
43890
-77060
-15702
-18668
16126
-12263
66855
84322
98055
8554
51817
-96377
-60258
-51812
-68861
80515
14840
18124
8808
29701
-92455
-45486
469
-14755
-29997
-31734
-70295
90832
98159
-7784
41666
-77477
46573
-57314
-79395
52878
72438
-98164
34983
-95111
17801
97048
52230
-12745
68213
-40968
75291
-52955
70188
-52827
-32039
2393
-11125
-6357
78064
-30872
-3370
92871
-70006
-80282
-94885
37215
-84105
58656
4025
-46410
25027
-475
-66885
-22259
-86495
1354
79669
-60521
-14897
10027
-22246
-46993
-12042
-12207
-32616
-67467
4924
-48847
12193
65803
-65741
90176
-64040
-94356
-9076
22116
-20188
-49666
-41434
-46103
-99894
26477
27268
36862
86710
-8257
-97578
-80792
-47693
11150
-39038
43573
-95961
-48168
7733
-15249
27869
23718
-33641
35656
-35463
75691
18892
-40646
36896
20820
10686
12389
-91060
-21056
-32480
64090
-76035
-17698
92430
66946
-86561
75545
-22744
9941
49443
-10958
39260
-96852
68654
28291
-3219
24679
-43463
-25350
-86557
53606
-39850
-53127
36429
93305
18950
58687
11148
313
-70074
-3558
-60692
24011
19949
-53733
-28603
-36952
-82559
22487
45039
-28237
82814
-25327
48709
74174
-51275
7521
16241
12208
54692
67970
44990
-91681
24686
-80480
19021
3173
-51043
-27426
58750
99177
-90548
91728
67066
-57019
-62330
-56132
-54236
-74011
-6355
-1580
-33386
-62256
-43765
93849
-22706
-53636
-59342
-7809
87165
12507
52656
36481
26890
89629
-35520
3262
55325
-58357
-15161
-40585
-42694
97666
-66496
-10187
39202
12567
-61260
5309
-92581
16464
20370
-52918
66102
-74151
91555
-874
19815
-67220
98214
75213
46421
-28033
26870
32655
-40405
-90011
32455
25373
-73404
-48046
-7134
34014
60365
32638
-21766
70712
17953
-79164
34608
39622
-51214
-49051
30690
-87933
-75385
-7968
79086
-71760
56164
-23071
-53270
41243
-93673
-22379
-1397
-3614
29429
53215
23097
25100
-25332
-65488
15460
-95983
92639
-43168
-6628
-74905
83302
-37790
56455
14829
77413
-51327
-97831
-47866
-85574
59067
-65237
-50393
-51741
71532
66803
-49229
82636
-18255
46670
25598
-12517
39377
21022
-95784
-38387
-69566
-77231
-12346
-32307
99945
702
11025
-90597
-20398
-77563
-94865
75189
55985
-88299
31312
35621
354
-77974
85465
72173
74119
76480
-97836
24140
-61839
-9725
-29166
55304
-25841
-10304
35083
-33004
22735
79935
84257
-53307
-57506
33168
38791
21305
16762
-41634
59562
97553
-77630
-47323
-45238
99393
67804
12668
53475
682
94979
16515
-69280
44280
-66960
59943
-88978
30365
98332
-21695
79470
-12489
-61889
-10687
-57959
95298
-12339
5757
-8470
-86560
49522
-3436
-32143
45588
7573
36153
-7657
57942
11
-99719
-44351
-99145
-80572
83271
17226
-7362
-55975
719
72557
40972
1297
-13393
77902
-7286
-89110
32585
77458
-27211
57251
-33570
-96719
-67669
-7945
43731
-99157
-42804
-94353
77516
-25666
-53470
27191
-50438
6853
-97996
25951
15720
22703
43851
-4476
-47843
-41499
-44043
34908
-34603
-74715
-39232
89425
-48196
48750
32666
39466
47509
-35371
51724
-626
-1484
58178
96368
13194
5888
-81777
70712
-51778
66886
-45026
81943
67196
-36630
88403
11400
52901
-89034
-21903
24934
-17591
-15599
-19758
7412
90231
12766
18264
17570
33708
64001
7279
-82141
29183
17016
32985
-24365
77704
37460
-85429
-33586
94394
-50134
-22590
46217
83867
47031
-60858
-58553
-27071
-32195
-72954
13915
9861
68706
60898
-234
38701
-71501
-12322
-25965
-45118
-46899
90116
-41549
20636
-76526
40686
88115
-21841
-26488
-10480
-21556
-35726
-40403
15821
9475
-10372
-56694
29706
56058
4236
770
50459
-26465
-5913
-40150
-81150
90011
-57192
-90801
24523
-82030
-81526
36674
16350
56391
52978
-56633
781
-84243
1895
18170
-20887
-83925
77869
73580
-26713
34348
-15094
-53783
85012
-68316
62273
81127
-37481
-39140
-96256
-77480
40336
-33394
-46559
-76985
-97405
-63683
-61400
41842
54070
1307
-7533
73725
-55636
58529
83482
4823
-86079
81755
-52291
-44008
-82610
-4055
90447
-2328
-45842
21010
-61107
-61612
-7689
62699
86054
-99361
-26948
78636
-8333
-47303
-18293
3560
93497
-28912
24999
-48864
20207
-18201
40614
37244
37544
64581
-73256
-85966
-5565
46392
-21983
27107
-91247
14355
-15264
-54249
49445
-15822
-27390
52527
37326
91710
12477
61008
-45115
64602
44248
-43009
-7645
15221
-80867
65038
-77061
88858
72939
30643
11874
89698
-1716
4717
36991
-94436
-57823
53485
60566
71584
-65777
-56617
-8400
-71646
-78024
55596
4102
860
-63472
-72326
17985
-6671
60163
71490
39924
-45138
-14283
14897
-3594
-93232
-70839
-97854
-68080
-57818
-10128
-32906
58956
19956
5368
-86755
-11287
-41182
74783
94823
-69745
33313
57067
-89251
-35954
-48015
-56825
10030
46069
35842
-73043
767
-87149
73098
-55193
26279
-71283
32590
2722
-67984
-14018
-99399
-68851
-91043
-2570
10009
69376
34405
-63041
11175
-19247
-81895
42207
-26333
-4818
24345
13132
-37647
66732
-8414
78307
20457
32980
-80654
-18482
77007
23513
-52264
35248
52555
87378
34361
-13576
73668
-72925
-83844
38856
-90539
5848
-18363
70513
46954
33426
-41604
-51741
-1125
88976
-74908
-17836
950
-99070
90799
-55938
-24782
71770
-70045
-87020
96777
-91032
787
62358
28794
-63603
19102
39306
-29337
15913
77214
-44569
53063
-58696
64128
-60098
-24261
25238
29413
-89994
60228
-53900
-54628
-18715
4761
-52965
-65351
-90659
57825
51281
-13618
-16837
-30370
58914
-99709
3355
10637
-2385
32715
-55123
-21835
40867
11109
71173
-93229
1223
34476
-40482
45196
56602
42819
-62583
-74312
-47567
25479
-79886
47204
-21740
-30307
-62457
-15729
6421
-58958
-91743
-96366
12552
-37678
57784
72876
55998
51547
-77185
40635
65467
63148
66288
-21800
85670
-88276
-77709
7719
16643
-14811
-24967
-83618
3640
-85561
-96194
60044
19842
-64020
-62785
67769
-33435
-3023
-2423
26318
-50911
36227
47916
-55088
2439
40240
-61786
-13966
-32417
30214
54529
-85614
92533
12333
3291
-90830
-52673
-27107
-94682
81601
41594
-40677
-74479
89022
-58010
-90567
-66877
-64623
29840
-26201
-24948
-2004
-33727
2398
-45114
-12413
65261
-9157
-40337
73552
87886
-19562
-51551
79752
-67231
-67814
-58946
-85217
-38178
52424
-16288
-74563
-89964
50462
-38549
-59991
-23627
-87905
-80127
31835
-94869
-49992
-83556
16932
-58933
-50990
-96721
-49329
76437
2677
-64251
-22921
-24632
62658
-1139
-60589
73796
45983
-72682
-99077
-46975
39872
-14928
-62589
27218
18116
68668
-82347
8482
36900
-70697
32615
-14820
-26430
46265
-39686
-40424
-55639
76332
50173
-16136
-16872
-20498
49412
97784
-33967
46330
43203
-21603
-1395
-65109
-89429
-69956
-82762
-23289
83929
-56212
-25707
58110
-49289
-9145
-73499
-73747
12819
-69187
-74228
72569
50865
38957
42387
-97320
-21024
-8144
-70104
-22673
95061
48248
-13629
12701
-3852
58
42544
30165
46097
4979
-69069
38899
87875
-99849
-15834
63841
-37410
63890
77533
56814
67367
83312
-90778
-79894
-36978
-70045
62089
-61020
12098
34570
45704
-45734
7328
-14762
75212
-66596
-14093
33037
37245
-9238
-6056
-65250
55050
-287
-82040
48404
-35134
-64266
-17345
-85002
2557
-34852
66797
86340
67375
-47541
95955
-68803
-38396
67694
-32322
79302
-84281
34473
18002
47234
26541
-88214
-83699
-5544
-62991
22629
-5442
-81747
14264
41568
-99104
-22902
16320
72902
2046
41277
-28725
-67996
9672
36045
-65160
-47644
38703
42177
42580
51041
-8645
-84313
12543
-58925
50868
42860
16118
-28561
-48274
-95364
66204
78022
6948
-15267
-86895
-15211
57292
-78474
-70197
-36885
58476
-99568
-11417
14455
56397
43522
-87310
23707
-55483
9965
-10107
-37689
-73914
-65540
-7434
74687
37106
-99634
20882
-83597
-98192
61519
-25948
-23281
-35686
68220
-20038
87143
-3358
74780
40508
36981
-12448
99969
29136
84740
-66364
-24086
34796
39927
65526
12342
41592
19544
33237
87518
-11613
13682
23780
62890
99510
38016
-12886
46245
-24326
18460
53668
-43482
-99338
36357
85636
-88193
-35204
32482
-74384
47700
-54549
-69979
-97437
-36927
-11411
81513
-55831
-55935
-39625
68954
-12828
-86600
32319
-15496
-47832
-63721
-17160
59721
-80559
8901
52849
-6501
-92176
27726
-79968
-21334
45251
-30399
81985
-13811
-4958
-6928
84408
-15439
56660
-76267
-862
18241
67874
-95011
-92567
52174
-71904
49400
-83668
-16197
-10059
24933
50409
29935
40374
-64950
-48185
29681
37250
71561
47526
-74096
98683
93575
-74487
89599
56194
-7889
-68240
-34400
-7215
96641
76685
-86308
-83720
-40799
2149
21654
-39006
-49200
-52374
58824
-87555
-13390
38392
-60862
25089
-64235
88262
-2413
39488
-52374
23802
39256
46559
37311
-82246
-89594
81309
-71955
66016
99072
47102
27471
-66592
14741
94677
-35199
10051
97155
-13829
-72325
81144
29837
-80143
68187
-81021
52561
-83849
50742
98894
55304
-71515
-27952
-36456
-64230
13773
-16703
-14909
21641
-18521
24814
27501
-34620
-4730
20949
-98344
-34139
-76645
84740
-47195
-35941
38218
-43441
96527
-85558
-28279
-64392
55094
83878
70005
-49291
40674
-17164
78070
37355
-98452
-65333
-36564
-46761
40502
66227
52344
-5140
-59695
-46764
19709
45517
-20749
14179
79712
-73839
-94207
-32834
-91619
-13716
67406
-31863
-54674
-18529
-38355
69631
61327
36835
-27503
82451
18203
96298
-11476
-18302
44605
-11009
-67521
16811
51778
81304
-23691
-54682
38770
45194
89776
99935
-22979
-17155
-95927
51234
-37027
68388
-22434
-12082
98156
-11607
1025
-78597
70865
20792
-55274
10472
-57415
39021
79419
-47467
-26637
-74247
76134
-34275
70615
-21598
-43870
47198
-68895
-77820
38801
3716
-21681
-54459
-31210
-13013
-23550
56792
-16333
99868
-48659
-1131
15351
-85923
47846
42267
70694
-16957
91566
-59818
8388
-61209
-28629
-95787
38002
72628
-54259
65926
93273
55317
-15
-31751
-54151
28191
36016
-2587
-80914
30797
-68200
81505
-76129
48349
-85173
-50806
-36596
89473
94798
-69663
26224
99335
-5480
-71917
46220
-30580
65751
18378
94927
70053
-2541
60478
-29839
-10213
-15943
-94575
67941
-3521
36711
-51249
-71696
79927
-52218
96715
13163
-18615
77653
-58150
-30483
71034
34854
68325
-92779
82403
78836
99577
-37549
-80087
-81385
-18486
-76735
-38853
-97784
57523
95522
-19430
-8828
-46615
-76419
37293
-59855
66151
-68305
-75209
45137
-68193
33341
51164
-29151
89569
-81309
-35896
-37906
-83710
-94059
-18994
75243
41020
-85327
-92221
-54863
-43706
87282
-98872
-14734
-59976
-47354
14198
-26040
63656
-59276
95445
-39277
-73160
-60721
67545
16387
66854
15394
-63621
58821
81387
-27734
53682
-54907
68355
-47004
75389
-93168
-35084
71705
79555
67677
-17428
60066
-36036
90466
42719
-47163
53016
-16124
67276
-663
52276
35677
-82445
-83511
72721
-96931
10380
89606
23280
-19531
40808
-2782
11998
-27618
-64659
-57836
-86087
-76218
82541
-46696
37630
-32074
-51009
84841
-66883
-9677
-18066
-49937
-56837
55512
-15609
23848
90469
27095
21965
-96263
-54963
71534
-20122
-63935
-36899
26599
-41698
-45216
-601
57208
4716
-91444
-63972
-91597
17160
54865
-18585
-30623
-76687
82534
-35311
-64618
-28879
-62875
55541
48921
71731
-64904
97848
78702
-63889
-65213
-13295
46799
12031
-40657
-6740
-79890
-3186
10587
-58867
841
76627
-48366
32527
4513
-34980
-92132
15655
28706
91180
23675
51799
86910
-95613
34634
78180
-61457
87335
97152
-89518
-15996
-62827
75772
-2804
17350
7372
63881
-98165
-73643
36331
31219
69602
68318
-89424
-65438
-81837
54295
22764
97938
45649
17436
11843
-11803
41245
89674
19102
-84449
-50461
48939
-28118
23242
-9209
94935
47855
-38189
31098
13916
-68144
79839
3705
5553
-974
-61342
5478
-69653
-23389
85974
47394
67744
-24497
82657
-14719
81080
19952
-53703
32023
59670
24807
84308
-20798
84710
-13263
-36017
54387
-90875
78051
-37229
-36875
-555
-58324
46860
70549
-58520
2809
23115
27833
-39615
-57367
92455
70067
93099
-54422
-98644
-93197
26300
64370
7918
-51463
-22233
-36061
-73812
-41557
10546
89988
40795
-55489
31499
33860
-25011
54256
-35589
10184
42270
48452
-67689
-7712
-79613
99788
90425
-44151
24146
35523
-60686
58778
-79857
-97296
19881
57439
4951
68622
-44901
18735
-39964
11292
26916
83977
80714
-85112
72087
-90401
-42001
47439
-1799
-43624
-72664
-54762
-46117
30285
-90591
84125
-94338
79495
-99707
19798
87826
-3960
29971
-95052
62686
-96789
-482
99725
-19942
-7519
27388
90218
-70088
81905
26363
6906
18965
-61707
90606
-24558
68957
-7960
-22569
-7519
-7722
-1451
-90553
-24757
-88611
-13917
-75286
-36741
88232
-73047
59092
-32716
-79601
65954
20872
61448
-49489
22291
81224
96937
-82614
62133
22912
52739
50553
1082
-99079
-5035
-878
71348
23685
-58217
-74354
9731
13282
50792
-77752
23074
74662
91338
5683
95533
-73555
-87723
-80085
-59811
-14113
-68912
55512
68477
38857
71849
-81439
-52848
90216
-7671
84708
-45207
30911
-88207
-90631
48681
1733
-91069
-91383
23863
-23821
6397
-49198
-30373
69791
96016
-97409
6577
51242
-63153
-52676
75815
-36628
-70981
93809
8222
58639
86512
-1576
82231
26147
-10843
79632
-68654
-10951
-16032
-3475
85335
45772
-6406
57873
-62004
-46497
36714
-69486
-39917
-73092
-71145
-19656
9577
-99155
-33749
41234
35824
-43266
72018
39999
81511
-78723
-57318
-54545
-37253
90040
-9019
52987
92538
63274
94207
25216
9725
33104
48528
-68123
-19719
-68899
-32541
-56035
-91773
1707
-51163
31303
32327
-90276
66826
84625
-9716
-59335
-24615
-25506
58539
-7408
-85778
-19308
-26418
19321
21111
15897
-19895
40848
-87809
-13339
-1633
61813
4938
39249
62446
15533
24609
36040
-85752
-8130
-7968
16159
92865
20133
65182
10779
25361
-65869
31781
27822
-95298
39094
-59437
-28487
23390
27512
7613
53494
38030
-86973
34803
36613
-27315
33159
-58383
55640
92401
50629
1054
-92160
86911
-21178
-90511
-4392
7720
-11120
44435
68982
-41839
-92410
61507
-48487
-5567
87507
46586
26451
-40028
98226
-93678
-70075
95961
-92840
29971
93057
98441
80410
27330
60304
-70362
31590
-72461
41085
-20182
45606
70637
-18903
-93130
-34357
-22062
36744
-86827
22616
59004
71387
73163
-7509
-6766
87966
-19358
16505
7211
36247
73897
-76653
-87565
64130
2237
7813
-45398
14463
10702
-7977
16828
-4694
10307
73469
-78472
-96524
-9971
-77441
98954
-59781
68128
79660
-40659
67298
-95880
-47802
47670
-82360
99537
50146
-7038
-88694
-47163
98982
80008
-8891
64458
-97209
46168
-39608
26002
-40993
78158
73120
84602
58661
-22406
68505
17042
83880
62778
30501
86093
-74251
-31608
10132
-44464
-8609
90021
60911
93084
-76149
22503
51216
-2513
-11435
42465
-74016
-32501
-41133
91358
-40922
97598
25020
-13564
43648
1764
-46534
42585
46627
2352
-32156
-14042
-49989
89037
40546
-46770
65919
70355
77795
-16856
41683
36227
7741
97911
-57166
-79851
92290
1240
-44380
-43632
-89049
-75551
-49579
-691
17623
80470
27274
-87059
-18441
72921
-93621
70422
52271
-9447
69451
-25607
28221
-58754
-55912
43185
24192
-90655
76587
21682
63309
-93448
18408
-82125
-42813
-70397
51321
-20879
-75661
26626
80448
-94276
-29260
56474
-30230
89440
-81523
38358
-7789
-43577
25706
-71804
90844
-40452
32982
-73322
608
9946
87295
78677
33108
-55917
-81201
-8860
17690
7533
62143
40958
62895
-29829
-58049
77959
-95150
93172
61906
-70873
54008
-90758
80850
-86432
-31441
85388
74411
-94293
-65794
-22344
-28924
64190
79039
-86347
-93671
12117
-43603
27681
-13137
48249
-81806
-46061
63668
-35707
7751
-62645
-78160
13040
75768
-68740
78336
-97714
2972
86431
16644
44618
53726
-59181
-51244
21134
93701
87837
-29753
61916
-44134
-27615
-73902
-55367
-75809
-71743
-33337
77485
-37614
92652
51760
53269
-9727
17225
75229
15250
-17876
-35227
-29549
45933
80152
-2596
-8350
62444
8936
-58644
55640
43257
-65901
-36449
36336
-96931
40353
33532
-60750
-24400
42041
58476
18125
-14203
-32108
-40577
16518
12424
67480
6964
46657
-97942
-96199
-90488
-39361
57487
-68244
-88147
-3007
-76142
-79048
-32494
-60092
36835
90843
62049
-18603
-74760
29203
-66202
-24627
71966
-59518
-78431
37887
44899
-27160
-59733
-23633
5787
-10772
99719
48467
-64197
79779
-79331
-8835
-26353
-70275
-75347
-20484
97069
-37312
-29161
43944
20775
-62957
-88917
58620
-66592
60306
16838
-51358
50552
70550
7454
-92730
-93654
8400
18291
-92874
46788
-91768
90903
96
-23591
73991
-2998
68710
-1534
55877
22027
-2190
-37675
46131
-824
12351
90070
39849
-33013
-53559
11459
-50945
89485
61091
-32659
-28978
52149
61607
14909
40665
-89556
-13910
-58543
7622
-59978
21505
-7577
-33015
42445
6687
-98357
-43020
31760
-93932
63908
-14067
-90171
63326
-72775
94465
34789
61851
-38532
76191
14442
21911
-61007
13331
87656
64138
-67762
-51395
-68152
65114
43538
-33652
-41544
14109
52502
-40363
-4637
-99800
-62992
73567
-12591
-52947
43003
8368
-37837
-95097
33448
22694
85367
-75929
-1873
33540
-62651
-6059
64203
27576
-28463
37208
-92621
-31043
-67867
-6690
-20806
7803
48970
-52792
97251
-76910
-97625
36128
16108
47596
-92457
-33169
-77660
21839
-25871
22541
-56426
8522
-30544
-77722
-21577
-43222
-16336
96735
-99690
84519
-91756
38357
-8806
-94506
81898
-12443
41613
-22844
-86295
-17493
-75231
-36915
80674
-21930
-12864
54298
-58658
-96319
-67396
32703
-41271
-11590
-52727
-97894
-25439
19476
-76034
72953
-35597
92576
-51506
5268
19645
-51349
37621
-18243
-30223
-54596
-96372
6177
19357
-10711
-55624
62521
28998
42809
14051
22669
43767
37529
65764
73809
-60753
-26428
-29724
64850
3501
52679
72182
52560
35751
65531
63280
16283
10843
87498
-33925
-44627
-26811
-92106
60632
86083
89001
77757
-60995
-88986
5105
-99592
15119
87750
-70232
-121
76075
3219
-66782
-5381
-90901
28478
-27043
31895
54186
64567
-38961
21698
-99563
-54477
15961
58851
67174
95662
1639
13892
37777
20616
-58680
-95081
85308
-94856
-4170
20676
4412
-23940
65217
-19367
-27169
29156
67330
19705
-8172
40973
84579
94747
-5609
-71360
-92843
-38684
48034
-70163
64218
6194
12237
45896
10140
-6205
-97121
-85505
-47526
-89340
-1788
-8502
-1005
41778
18902
43456
-44208
64783
-5596
-34003
72545
-64533
68111
6473
-89668
-12504
21075
-79867
-74300
-13328
-70742
-53687
-65484
-19247
75482
91688
-39466
46097
-2049
-9662
50978
17205
-12468
-57724
92122
66645
-97295
-38055
-48323
51562
10789
91658
-48628
39987
42804
-88518
70734
-40340
-26365
-59863
26264
91540
31108
-87096
-5991
27233
83707
-99786
-64807
48042
-29759
40983
16131
59056
-88013
-47184
27796
48361
-76391
54415
44770
-97823
51453
22022
-50823
80396
-34606
16594
-34146
5676
79084
-60426
-3915
-29762
15866
-41395
44777
-70271
-66363
-66508
-28360
-40549
-94876
-87068
99979
53874
-46318
88703
-85352
-64265
-840
-15031
82468
31571
-69851
-80253
71752
-53785
46562
27665
48178
-89948
-69607
-95921
-73383
-37961
-34371
-25929
-30432
-24700
-97827
-26458
-19625
-2477
70096
-17358
9114
58844
20693
-26700
58729
-22061
-65257
4103
33923
8121
-24451
63534
96200
37659
24729
24195
-60592
-68860
-58083
-47361
51860
-84233
11505
-25061
-81090
-81900
37723
65374
59488
-29539
91757
51206
-68200
68221
71037
-70953
-19754
-80685
-58538
60633
-83799
62236
15388
87209
52795
47824
-10796
-75578
-68327
-49277
-21064
90248
23995
-16121
-74352
91216
53763
-27211
7088
-76731
-1699
44703
28353
15028
14239
-38044
-5614
43819
-4271
-24050
39463
-97554
-64646
-98841
44390
-56833
43713
82080
44232
-95545
14663
-28706
-98791
73363
49830
-97367
73420
-9750
53591
9042
83607
42856
56128
10701
51404
60748
33678
92166
-98189
-79044
11825
21761
56240
42022
-27631
-30335
-25636
83924
-76582
70606
-59513
24742
17194
85724
80894
43196
-75070
-5085
63367
98320
74800
37617
67301
67598
82868
85328
86974
97388
84937
-33509
54690
-8061
-53520
38749
-45534
-79555
-14859
-10121
-49413
94695
51711
-395
9654
-75066
96516
7687
-48447
-31294
-66149
-5805
19450
20594
72257
-4602
-97204
16689
49489
63044
-73051
34343
92715
-27425
85392
-7099
73176
-20023
25235
75612
-17539
-226
48410
-45507
49579
72889
92616
99842
57495
79475
83498
30124
88630
66917
-525
-72341
-54422
-92473
-70310
-63859
-64415
29491
82857
-7821
99062
5552
-84512
-99136
19057
-77586
-54727
96688
96430
-4279
-22310
-48148
-64666
-66591
80102
-45101
70909
-70516
21082
-3015
82039
-4090
-38066
92043
88946
84518
32440
-59375
39919
-52175
61763
82442
-80654
56394
81112
13077
-97449
84432
-89662
-15493
-8071
-39168
12619
-69206
14494
-41364
34863
-17139
-89756
6903
5840
-94547
-40391
18057
-19757
-14568
-16428
-503
-17536
-5830
-98155
-29822
-17703
-65486
31175
94860
-8295
40573
87217
-92851
-99115
79405
61298
46700
-80555
-51816
-31282
-86891
24085
-29067
-84116
-24031
67727
53060
43291
-11252
98102
-20835
85139
3505
47763
89027
-2633
-92085
-23656
-64164
-80107
19009
94211
-90163
64619
39372
92844
-51200
5072
-88671
98542
-10977
70046
-64175
-58816
-83362
12547
-34434
-74713
12965
-6
74180
53303
-28280
37533
1797
9737
-78587
-84749
-15254
-48051
-61326
6993
75981
79570
72616
49132
30326
-93987
16646
-57850
12602
-62415
97277
81656
-99879
28785
65393
-38180
-54287
-28489
-32320
85174
86811
-15805
65131
-89647
-542
57889
-50158
53026
77304
-96348
85620
31359
-95996
-78480
-33343
71137
43482
-45350
-53871
-54120
93336
44791
-67664
20790
-22263
-87268
70039
67232
14302
-86124
-25525
59996
62975
-44635
69199
79657
94739
24903
60717
92507
42884
25393
-97111
50969
24520
53660
28120
78544
-23696
71900
-14842
-70542
23079
60254
7187
67678
5289
8124
-92188
96607
-30934
-54881
97080
31815
2357
34444
-86392
-57409
35882
86790
-7612
-86955
-11807
-26109
-51313
-41697
10004
12202
79704
-69516
72561
83456
97471
49911
934
-66337
71970
94922
76001
-29013
8281
-20713
-46369
77159
32138
-81537
35176
44688
-19214
93052
-35437
96339
16376
-72660
-27331
79714
98956
89921
57456
29941
-1266
20755
-95138
-81303
34738
-97926
5731
95903
-27842
-4448
-40682
77886
-71298
-98020
-88224
-95641
81605
-42025
-75864
45
-21670
27223
-28391
-33024
58716
-93565
24111
52176
-73458
-35307
-16561
46621
-12733
99232
13214
-22872
-71294
65853
-76770
-71638
16710
81638
-81545
30219
75406
-31328
-18281
40700
-46371
36156
-19489
33582
-43978
-3314
44417
62284
-70024
14886
-8451
36390
21141
62382
-67095
39997
-49706
-1637
33444
-32611
99019
19016
-79905
-94975
5596
37920
90094
-71419
-38089
-9528
-72703
2254
-3798
-31877
-68199
-22617
20276
61825
-81837
-30676
96221
-9459
61453
-24824
35658
-57070
52188
-27110
-89194
14314
86979
-36108
2020
-94195
30675
-3532
-34403
87162
-7405
66590
76480
96059
-62527
4295
-5109
-60729
52861
-70224
31675
8085
-13902
80724
-30306
-46663
-59138
15971
-14385
47351
98985
51017
-64801
93183
-1643
10260
-88752
22983
-33860
25226
-71964
-38592
83326
28234
9046
70279
85492
-26467
-61251
-5726
-27829
95351
72731
-16934
-47353
-18836
32740
-73546
-32211
21083
6521
-78954
20040
30348
-85361
92710
63379
-95559
16503
-22097
14326
-46075
18024
-79940
-84038
-36908
-5448
68646
-71029
70528
26738
-57958
72050
68975
-72273
-92472
17246
-29365
-92050
69903
60574
-33209
-92493
-59005
-9129
64058
-19796
-797
32532
32675
38071
-4833
-22242
-67036
-72390
96190
-47607
16658
48004
-62743
-51800
-98853
52518
-35325
-13358
1930
-15999
-21677
-41159
18390
-7479
63778
35935
55655
-23937
53613
-87445
-29122
-72329
-16143
-58377
80939
39363
26069
-2367
-84252
-55048
72908
-27207
38533
16601
-84714
35964
21098
86405
99147
-24033
-14782
-82077
20221
78463
88975
90212
-68330
-93586
24338
-78821
51315
-36729
-28360
2273
-19346
54283
-69462
36448
-10174
-89268
-22994
-91639
-96339
-18676
37179
52978
96895
-62451
-67200
66449
-21879
93101
-96630
-33286
-39153
-87316
-46011
83056
-91766
60431
-34329
-23363
78597
-32835
394
-24918
43047
-43176
1718
66628
39584
9243
-60323
24830
-90135
95021
63960
-91271
-39524
12180
-96747
-66041
-44612
-41565
-68268
8878
-82091
87207
84972
33015
-73349
80285
61550
-14635
91705
14634
14856
-18552
34007
81491
88247
80166
22377
50975
-21030
12861
8527
59982
-12613
86127
60221
82040
40579
79639
35108
-50560
2575
71636
-45516
-87930
68079
-75814
57897
-83853
-71297
-49798
66747
-35955
59066
27277
-58617
17419
74585
-69932
-30848
27508
-67058
-63413
-15192
-96008
-96803
-86885
-63660
-89343
-50479
-96732
-6859
-34926
-4128
-27854
-1445
39213
-81837
-11489
-41944
-30447
29269
-19895
-55579
96171
6673
-75227
-39986
-43166
85925
3057
-41768
-49870
23399
-76415
-87919
-88157
78375
-99105
54595
24431
41603
-58289
70109
80864
-24376
31185
-20202
68541
-63841
80887
68895
25440
-25747
-96140
25950
77500
3667
-70716
54958
60882
-26762
-10731
-52630
-85073
-92877
-81598
-5833
6439
-50213
-26734
-1112
72159
-5419
55254
52749
-97611
-56498
-49573
-7662
-13668
31994
29025
95804
-21109
-80335
-66990
-20179
7862
60906
47972
57742
97624
-10730
89519
73981
56327
-89750
-27106
91614
-51802
-15393
15899
-88971
-89349
-33574
88592
-44990
43020
-80520
-57881
90569
74164
2151
-11273
71437
-67582
85338
35990
29781
14133
-36845
66578
-90533
-38622
-467
-2950
-35471
-23341
22129
-40556
-67849
23601
77021
-76717
-99493
-74817
59976
-79974
-53038
17564
-10314
88749
69560
69292
-42118
54113
29549
68810
34126
-19506
-36710
-76186
25904
-50522
30951
-56443
-22403
65276
-32324
-46895
-21531
46479
65594
44456
37789
35285
58292
-91420
-40380
-7691
85775
-80493
-85300
7593
-53899
31457
8722
10959
520
40765
27416
99512
56027
89151
-43866
-74311
77929
-63035
-34409
-37175
-5652
25245
26332
41134
-51055
-30265
-9886
-87707
-66188
-24425
-66108
-75860
-79065
-7576
35946
63013
69569
61750
59818
-29381
90882
29179
93972
-16189
-6124
-83133
-12396
83149
-16538
48360
-82103
45559
-36178
67301
-9770
13578
-60702
-97927
9066
55817
-13779
-7402
-51290
29123
75258
21991
51091
54750
16038
80383
59307
2341
-41287
46529
-50213
-99017
-39029
71818
89579
68766
9951
20381
82732
-72099
54367
62826
-55464
-69757
-90957
1599
17029
38641
15285
2379
-20046
68214
-75450
77718
-23233
-17930
49851
32529
13018
-77562
-60002
62436
-13734
-10309
-46923
66832
-68328
44067
-59861
64130
-14861
46296
91629
44370
26568
-55569
-65510
-7007
-79688
-74707
-33832
-42256
-76880
-86740
-74581
-67277
59889
-89879
97393
22475
50020
4562
31319
35112
-50714
46930
-80450
-79392
-83548
-40160
-93679
89087
-8151
-37789
36910
-93031
30574
42347
-5162
-15234
-61297
63702
90420
-6789
95206
44386
-99674
73474
10856
24894
19646
-98994
-20023
11202
20723
84791
75220
1536
5205
61621
91411
-14076
-98476
-64215
14932
-32524
-39900
-36057
46374
33850
-31451
50879
-77988
59379
650
64114
42055
3085
83137
97629
-52388
37328
-53353
-64287
64564
-72685
20645
-47402
8085
72654
49885
-51258
-64012
34588
31753
-30767
95939
-64408
-5818
-49779
-77062
-13343
-88956
-78807
55497
80531
-31311
96753
-3675
-40812
-84744
-59872
-13074
-8007
-26638
-92941
31798
73607
73998
77395
61137
-49083
-69808
33386
74681
41928
-17226
91442
83940
72658
85487
-99390
11788
4213
-52713
-92158
12658
96365
46395
-73956
96044
60874
-75203
99500
21131
-82434
44977
-42691
70299
29189
-43642
-74126
72790
47919
-93188
-14191
93710
-85637
71329
58796
-57352
58339
-21650
51272
-63448
56984
18068
9935
-73439
30000
-65280
-39629
9349
59510
-55755
-92402
-61254
41479
-91679
-47889
-63730
69322
-21162
-43840
-29248
61519
88331
25992
-86705
56956
25350
85975
18532
40108
-20961
-53568
76940
35841
-44129
-20982
-64131
-62982
1083
-26483
-26461
-95384
32743
-84315
-23356
78453
-7392
-63658
10773
-8748
52441
38041
-53294
73639
90837
8994
-37260
-13007
42069
-35792
54928
-12184
-53803
-82950
-92052
80237
-36573
-88415
-47584
31250
72633
-23391
44092
-6634
-92105
-28236
67016
31482
-61968
88573
-21022
44783
97468
-73198
66704
97245
-15574
-40408
87997
85190
-85999
60853
-25626
-88634
-760
37715
-21314
-51396
-30962
98621
-24279
38238
89351
13174
-88919
44973
-73403
43711
-94952
73092
92499
90663
-97933
13940
17979
31311
-52362
-44592
5388
52116
19442
-14807
-78499
87096
-17123
70110
2631
-77344
-75114
63285
85132
97610
68670
-42583
-55922
-48448
-51519
-16746
38951
-87546
26732
-53716
-69256
-51511
-47291
-36221
26353
-8300
40475
96489
-43285
97588
17401
-72748
-94155
49921
-77418
42383
67846
28192
8382
-57619
15414
-66960
-82087
94074
-28898
96923
2579
37522
-83241
64512
-79534
59588
31661
-21427
24515
-50352
-47508
80071
-30747
97315
-25803
-2431
-73268
-56664
-85379
87605
28102
21976
29586
89308
94301
-92191
-15842
-22450
-76767
50807
-27320
-37312
-16652
26336
66409
-67380
31953
-18813
-52817
77299
22780
15944
-55553
88164
-67778
-51534
78496
-96133
-70806
-41423
-92126
77010
98220
-76461
96248
25232
-73285
-7785
93885
-39831
-18084
3714
86289
91583
11340
31051
94454
5284
44761
5632
66189
-37953
81805
2210
52743
-12613
36758
20158
-8329
95257
25552
-77995
-56212
20875
-89446
-40826
43034
-21557
69483
-52300
98869
17521
39585
46913
51632
-88938
-2748
-87098
50009
-36088
-4853
81489
-52691
78624
-21910
-55364
15018
64313
-81707
-8635
7855
-20883
-43016
42991
-59428
46190
-87987
-3698
-26169
-5726
90009
8094
-31079
-11547
-96511
-42482
63921
91957
-88301
44881
-34664
84842
-50133
13850
84294
87065
-37449
-49976
-71017
26238
-6507
46373
50772
-44607
89516
-36629
-99974
-44671
92237
74823
-99535
97818
-1605
11698
18060
36315
5246
-75531
9037
-94358
25275
72482
27897
-62225
55995
96574
-75615
-46011
22485
1515
24779
10565
-69882
81077
-34957
29913
32448
-49967
-42981
-11518
71094
-64231
-77596
-27411
-5526
44928
-90928
21235
73523
-17264
19573
-38898
98631
-31662
44456
-35008
17244
-92491
-92149
75655
67553
-97653
36996
-42181
-88655
-77253
85830
-10936
-83597
-74187
27977
514
-98230
-99942
-78594
-1467
39894
93779
-24126
94005
-22494
-67717
-25124
89116
48561
43279
-89582
28009
-49398
12132
59958
31429
-32299
463
52683
-54819
25309
92296
95696
-85304
29243
32320
3822
3927
55574
-55042
37536
-78019
-35169
-64060
-43250
-30575
99570
-10700
-25293
93174
-78233
-62700
-58041
-96719
-81506
5214
-12713
80664
-79925
-79032
-91486
-18150
40980
80040
31988
-57594
56055
-60140
-44814
-35691
-91378
-34855
93311
-90189
-60165
8520
-64370
51451
-8150
-76700
10786
97556
-48487
17065
33874
-32333
94514
-58519
56681
-88436
28650
91639
-84016
33600
-41312
25019
95017
46850
-36759
-15068
-65540
-88044
42379
-50237
53631
-6633
-29139
-69963
-20557
-77632
83375
-61936
-25244
75546
28046
-9429
21961
-39294
-28026
-63288
-15366
59593
40596
-98884
-95732
-31671
66418
-4597
-84396
-43637
55784
75352
-65954
59835
16412
-82464
49499
70393
-25685
-85615
61513
-27140
65471
63994
-28839
7414
-23539
-53470
-57483
-8477
-35366
88637
50803
-89932
-2133
-53660
69300
38078
-43689
-2250
63331
14510
60844
89200
-99402
15617
47127
1461
16426
-79011
55074
4790
-75200
16266
80129
-47037
94033
45002
67970
85471
93144
38796
94392
-30326
-93880
-1566
-45671
-35271
16004
86848
-95909
-22092
-28437
83875
-99486
-61788
-745
-96614
-73057
-40301
-62119
-91416
6466
-28363
86173
-60141
-35045
-11691
-74489
-70545
-26637
24583
15400
-43321
64220
33513
47411
72005
26328
-60411
13886
-64340
51673
-96667
-41336
-57876
-44284
-18984
-92756
19039
-96660
-79994
-87788
-34009
21958
-76819
-87584
-99641
-37271
39099
22690
71541
-65907
43426
401
24533
-31173
75887
-45402
68172
92303
87366
81446
-39857
-11903
24042
-51621
276
88820
-30450
32016
68982
84630
-33284
-70611
23888
-11659
83133
73032
61020
39028
-20136
-22021
23612
55944
96449
5854
66913
-48263
35654
-18295
71572
2271
550
15506
48202
81323
-18661
-42096
-68770
-29140
48195
92028
90976
-62425
-19379
79748
11694
95512
11395
20378
-67758
94021
-81428
-8312
97120
-4554
-80825
-21886
-32901
86957
-37406
8525
61001
-16173
-34590
73130
-36952
536
3727
-84656
-38017
-75203
10584
92128
-53734
-91742
-150
-4598
76683
-13422
-94154
-74405
-54743
61941
94148
-3002
-60895
-98511
43599
-74157
97232
73715
2289
-34391
52453
19661
-72358
-51034
-37423
99481
-53121
-69246
-25970
15268
-36685
663
-99209
11537
55747
-19931
-15247
3751
78083
-86737
87864
-13034
48189
-22058
-82685
-26279
-2675
61432
64113
36332
52668
-10336
-85834
-75106
-41771
-36443
-52621
-77113
-30205
62574
-86179
30807
-58270
9210
9030
-17658
70962
-98041
85589
-57726
8885
-42941
9934
36602
30069
587
-3088
20328
39377
74860
-13097
-86784
-41348
-75384
-74415
-82171
22683
85078
24915
-7246
-7804
19848
-73280
-25215
-22076
-70161
34439
22626
7949
53163
-67788
35957
47566
57131
76527
-9092
94216
-62195
-27191
-53074
-83557
-48040
-60022
12124
-37764
90790
-30961
29870
67633
-55984
-42563
-63362
-57098
906
11218
32078
-83097
43438
-44641
50066
-58159
55323
-8080
-79905
-69020
-59970
28008
32496
-45095
-81277
50612
-88872
-6623
6367
2778
92371
-48107
97337
-42299
-12369
89416
58065
-99651
82414
-2101
28079
94003
42477
69818
7950
16050
70943
36355
77218
856
61188
-18520
-49618
14757
-1329
-85081
74387
3903
64248
3325
24721
99442
78915
24384
20690
74559
-859
23392
-31698
-84387
-28826
-33844
-17438
33152
-52332
-23170
-48351
-12027
-22863
74807
-3925
-10317
75217
2913
82085
-51461
-43628
-28933
62173
-38101
74585
-49821
42319
-12326
29623
50596
74656
-94637
91090
70524
-77687
-59578
94256
46544
93571
-44924
70343
-20171
-69395
-57751
51493
-6791
15542
-34638
-48188
15790
-96326
-77108
-2255
-87082
6669
-17665
-47775
-3359
78139
34771
-12105
81757
-68382
25602
-42735
83603
93138
76012
55994
-82686
-98897
-27395
76445
-25609
6641
-87988
34082
24439
54862
96289
99402
-91559
-55745
99294
-38557
-62312
-78837
-84064
-56294
39452
-42391
-24035
64018
46341
-57392
-51293
64433
40991
77748
-28625
-97516
-75029
-76549
-32011
-51215
-85756
-39073
-75699
82880
49176
94957
16631
76584
89548
61237
36220
47753
88952
-35490
-7108
8263
16025
37708
61716
-94055
-76267
88194
-80158
83298
84090
-7324
74823
3318
73421
94525
7586
-61868
38226
15769
-21336
89774
23606
13146
-87209
25350
63452
-80761
-72977
90611
-95475
73781
44932
-32558
-9681
4302
66580
22274
75992
-41988
17677
88289
93664
48234
-7459
-77318
36566
58421
87701
-51467
4699
31863
46478
73669
66555
14650
28845
-46292
-41625
79570
-48042
43143
10990
1619
-3010
-44391
49272
83827
-71223
-5840
70194
68112
22992
19719
-94661
-32256
59410
10522
51110
28290
47239
-43047
-60087
23875
92114
66822
-91311
-43637
36802
90908
-64400
-63054
44563
-64338
30511
-21291
-94042
66852
97005
60791
-49807
28259
-99112
-43565
98808
-71364
3984
7835
-82184
18036
-72137
-72619
-31104
23150
6812
3014
-92728
11218
-97693
32502
47774
-14140
-53449
5014
78825
58114
33957
9377
76165
-4733
-95734
-15101
-14836
-11771
-66080
87717
-13636
-44642
89826
72020
-6278
70677
22821
32329
-81168
51765
99044
80458
25795
-73995
78812
23745
-99846
-46059
70571
-44966
38595
-71494
-61234
38768
8347
89048
38461
12132
-68161
68738
60133
88825
27846
9009
20387
83119
-88406
-18032
41138
30637
29190
22294
27267
63037
-60066
53012
-50216
63035
-37259
3534
-80712
-90791
25938
-10562
29741
-22967
-80564
30549
89836
20303
-84757
-73505
3225
-36821
-25990
35828
-39793
-77145
6082
-20581
50316
43181
60438
90010
-61899
60985
85790
16426
-6939
-37002
-1787
30690
-19358
-67402
-59038
-56447
99937
-10941
37231
22945
-74285
-40233
-88149
7859
40720
-65248
-34896
-20685
3668
65686
78974
-68347
71971
57583
-66264
33419
93401
40777
-90332
84283
30329
-14158
-65333
-4051
57929
-31886
86081
-3127
86474
-75168
13635
-24921
-82481
53584
40409
54697
65618
-41410
5995
55696
12352
-47857
-5462
62471
26153
-72258
-16539
36774
29433
-60336
-81974
38244
13939
96886
33619
78694
26019
49591
-73216
-17364
84655
559
-8828
39589
-94130
-52674
-82355
-38800
-31223
-54041
23024
37496
25235
-40980
-32378
-3094
-68319
66235
-44137
62341
-80721
81610
81301
-71219
-25353
65609
-61101
-77764
58561
1313
35153
-84463
-10522
11162
-40907
-90902
-99568
67473
-48587
44370
-14639
81942
73981
-89027
-69980
3935
76099
18391
9125
15224
-27586
10248
65276
67387
29954
15491
47995
41470
-68151
-43541
-5310
-11231
6332
-93777
56638
70747
81762
-8420
81974
-38636
-25308
-77808
37392
68450
99396
-27999
-66154
19529
-90279
-67451
44255
-16053
-92046
18991
-8882
80888
4697
-94330
-99420
63830
61866
-51295
99603
91964
-23416
-68278
17894
-914
-20630
25177
-61950
68782
-33673
42946
-14177
67392
-60274
-96879
46217
-91213
-20493
60001
63520
-14808
1245
90934
28363
91628
79255
31129
-76899
41626
29653
64085
-48873
83469
-43446
54505
76554
83099
-85575
8731
-48616
-42925
-67553
26976
-96162
-18950
76455
70401
96099
20581
47396
-91141
-72290
-6075
84041
-88483
-7871
-59844
-95139
-52146
89838
21731
-61706
93101
-69101
-95532
11494
1062
-61047
44777
-95289
-74365
-20805
-31792
29586
-63311
-82377
40435
-73168
24729
-26228
-84340
79299
64809
36947
70085
26782
-71144
-23427
72496
-3760
-78310
48208
18629
-42844
97982
91300
-42673
22272
-27728
-23633
-12595
-56232
-72631
-70578
94435
-52694
-12684
-8011
-98779
-30666
43682
2068
64764
-31057
-8079
65065
-28659
-41220
-92975
37298
79706
91604
98412
-88153
46941
4386
48965
-58934
-8068
-22201
65216
-95511
-24675
-57789
-50342
63164
-67621
25430
-57422
47357
79741
91552
27898
48952
43314
39394
78509
70539
99924
99083
40742
50600
94603
-27554
21176
-93047
-73076
-74421
47981
-41457
-5697
33643
-33746
39476
56567
15141
90392
-81405
13516
69465
22005
85455
-44592
47579
37018
31847
84325
-3104
76914
28651
-20002
24434
11897
-95419
4718
31503
37561
-55275
78639
85748
75243
-14050
-52196
33293
-41175
82608
4045
-26552
25056
-77832
-531
-31726
-17047
42376
-22862
12004
-62544
50254
74187
-38776
74998
2530
71555
88382
-63001
12616
81805
-79866
-14749
-49233
22901
41861
71099
15651
-35286
-71084
35913
-19923
79545
-42651
31122
-51838
-37067
50398
56380
31445
53197
-52375
-78219
54420
-1868
92536
-47548
68919
63622
42699
85775
83478
-71779
55915
-25503
59628
87606
89427
3894
7087
82671
98630
-72125
-81153
-54535
-4583
43977
84348
32650
91925
-43224
-33996
75765
-8743
-9700
-47831
-30442
47608
96006
-75372
-77951
-38236
31477
61227
-44682
60370
40866
-21928
89795
49799
82068
36538
-15257
34968
31351
37014
-61021
47904
-99236
60935
70744
99146
-88462
71441
8762
80566
32365
91259
-22313
-1414
35695
-64182
-60401
-93190
-33865
-11760
-40936
32984
-98995
-26874
76746
-68337
-23402
95904
66128
63855
-54449
27677
-79163
73521
-93461
-83667
-13534
-92601
41054
2456
66778
-79506
-64374
-6109
48253
-65723
57263
13753
88622
29500
-76217
81936
72906
-39614
-18912
3193
71699
61281
51913
82527
15940
-39700
-23995
-35802
-57509
-73635
-18098
1410
-71518
-62501
-5623
17059
-2717
7657
-5293
65771
-46820
31588
98851
-27251
-80673
-77249
-20240
-23525
22424
-25334
98089
-58568
31689
2499
57333
-90268
-20825
-29524
-80972
91229
16976
-7808
-24884
16827
865
19059
10363
4132
15830
16312
-19251
-75715
-62284
41216
-8036
9695
58801
67231
-76191
-30474
-63646
-55637
643
-35557
-12445
-69036
-80410
94663
-17422
-95727
-77342
-18426
-83281
-29081
-4426
-72816
-49975
-34715
-92626
19740
84606
15736
6499
8066
-77206
-27752
-73691
84149
62331
77376
10197
-85657
72558
81672
29866
26443
-47632
97087
-16857
71440
44313
-95035
-33340
-85480
-69497
89102
-6592
32784
69910
94555
-62469
77002
3533
30391
26367
933
54767
3767
96667
58123
-73779
69278
93756
96834
-80325
-33424
40076
2589
86271
-75708
81418
7481
-651
75429
43835
5840
72146
-5873
-29743
82146
-44027
73828
64640
-3023
77334
24834
44240
8186
77982
-99498
85825
-46222
-98249
-45966
45525
-7542
49729
77152
-32368
5252
79498
-86980
58652
-61401
-96281
-17090
-94739
-22442
24360
7366
-88396
-28778
-54795
2017
-4922
-47834
30257
10885
-80303
59606
5914
-46941
28011
-76689
-23668
64401
57808
3492
-56502
30301
-58386
5462
-80195
6978
-75891
-6849
96480
-31025
-83482
63706
811
76660
-88676
18308
-2530
-74102
-93293
-2758
-89655
23784
1671
-23072
-83303
30397
-23277
52746
-90503
66283
84471
87520
83319
28285
-15640
11971
96727
-27944
76490
-50297
-8063
29398
-86635
6987
-89203
-69280
-59260
-40867
-49479
20685
-36768
3341
-95035
31686
-30274
26890
87006
73261
-28633
-26538
-96209
-51177
-37494
76630
97309
58239
-66945
-28774
-45252
79199
92545
-36210
-6803
-93662
91918
89748
-97318
65947
67999
87591
-15457
-91109
96127
36941
-19630
12584
-34709
-8436
43682
89626
13099
-3465
-13467
65770
38216
96635
26894
-50291
49241
4725
-77548
-25281
90949
46545
-38971
-87052
-6177
-94417
-50623
84610
90146
-95025
54957
-82168
-23689
56993
-46910
59593
-23977
38198
78662
-36745
-56473
-34229
61587
-62357
33572
-14846
-42664
-32996
-34526
-86223
-45465
-29592
-45512
-53114
-93478
8009
-54620
-53003
49340
-6432
-80820
78161
58317
-31044
11095
79221
78991
-21768
-99842
49611
36143
-11133
41953
49573
-96217
64433
-56197
-64419
-9830
57101
77283
36164
38295
-41589
-88811
-44097
51484
91180
14991
53952
-53196
6455
-10705
96092
85720
21485
68756
74741
97971
20764
-41048
-60011
99005
-63704
99631
-30375
-87900
-91386
-50435
22241
-7863
97697
-43977
17762
-23427
15918
-4498
39304
-96733
-24115
65934
159
32351
47965
-24765
-83274
-39955
53241
27085
60595
53660
-71281
-5088
33197
62498
2708
-28248
69646
-15895
47641
-40771
-83629
46507
18217
-38399
25753
-73970
-9616
-48646
53361
33362
-67691
-65652
-10092
13721
61482
50508
25658
73153
-52677
14914
-9891
-75798
-70207
-57388
8120
-87874
54700
-38280
76122
-79987
80692
-14937
3068
27979
-36233
47559
60335
98181
41476
75633
-49828
14649
66301
75426
-53365
3234
-2313
33122
-25162
-43239
40877
50001
71582
34030
-50840
-10360
-301
29093
99821
36243
98825
-81739
-76266
33931
-24944
45767
-11636
-71447
60597
92983
-91528
12187
77936
68444
61107
49032
28595
62187
-9822
-3428
-84454
-42258
25768
-81596
29186
50925
-7972
82133
79414
40129
15520
-31569
-11587
29673
18389
6136
38854
-57589
-45105
-40761
-97075
6456
68353
-16506
-67319
-95226
6573
7106
76025
82824
-12400
16113
36238
90023
-93065
35773
84508
93411
-19237
-75940
-94613
-60435
31489
-7378
-60696
99398
-32644
69086
13978
65205
83842
-22843
-15924
-65780
-76770
65400
54189
-71983
-73722
-9538
60145
54946
859
-61393
-77329
-31994
-12883
10147
-16086
62620
-74506
-85239
1856
8532
56400
31870
63242
-44954
-2404
-56157
72032
-77619
-80377
26912
46139
11655
-18175
3610
54035
44686
-97948
92187
-82631
85947
21149
-91131
-47307
80094
25801
28723
-64125
96537
21226
-89346
-47933
-93799
-80718
56187
-58877
-49747
-81208
30857
-2696
-78894
71573
-60803
52548
-52651
-99684
-31886
-65215
36782
-30420
-34951
-16567
-6930
-76714
84248
-24138
-33764
8203
-66996
99325
-6708
-39815
60943
-3518
20664
85621
74917
-28502
-60553
41948
-42535
42434
84905
15239
85153
-42110
18883
-98869
-88624
-63093
-89364
17803
12990
51549
50502
-57928
2314
69710
37778
-43618
-55924
-81414
-65782
9489
-60393
-12886
-36350
-25147
44730
57701
27879
-17318
2203
77262
-81351
-31344
-22466
-30858
89551
-31629
-52831
-66665
39064
76624
54937
69654
36512
16197
-22398
-92713
74266
28340
-99300
59854
-86727
-28198
62085
98500
76776
-29568
57989
48749
48818
-50284
-63155
-41642
74093
1757
57689
-37636
-81305
5775
-19053
-55226
-87561
45233
-12171
58795
-88486
83514
-87389
-77629
13385
2658
-76858
-26497
65732
-24078
76187
-36887
-91323
51045
27759
-32537
95441
44463
26130
-58240
461
-38422
55938
-29104
45021
46388
-34301
38030
36899
-16080
20991
38630
-56172
69316
79492
65093
97056
-97116
4096
-45335
86454
-49468
-3843
32799
-15074
14543
24231
75596
-12046
-45835
33767
93332
-6046
-13604
24954
34045
-29913
-1927
-85809
-65047
54340
57219
-46120
92768
-60962
-10432
93838
-7869
69923
-94326
67050
85986
83657
32545
-10967
68558
-36429
-46508
-20723
-13411
-46381
-47301
-18093
70873
-34640
1463
-34254
10298
-49210
18579
41998
57690
-48979
-38397
-23343
76962
-92343
19650
16190
84415
-51650
-29914
-75699
40514
-57574
7141
19573
-9707
-48368
-34129
-1862
-46997
-27384
74154
-97611
-47369
-94737
8065
-41574
95883
23346
-53516
-69977
56939
-75135
44525
68815
-85109
-16809
-66270
-44551
-50936
65266
-12495
79758
5099
-66934
-6809
-99437
-54982
71371
71838
60508
-8729
-44058
-55448
-11574
90549
-46366
-34193
15884
69428
-89742
-68383
-18700
-99200
48399
-40208
-85428
43388
35422
95851
-87649
-60613
71991
-55192
13479
6003
-84786
-37096
18418
10262
95751
-11766
37997
-74600
37986
-75194
20116
-94203
58569
86744
-88583
70899
-67477
-13814
36794
-25405
15235
-61863
-72131
-73007
75077
44837
35890
93647
60652
-42538
-35006
-68318
-45078
-43986
-80496
-64555
-49945
-6960
-51427
-234
33527
87172
91472
28881
-20521
99027
-79772
-24151
-22872
-96086
-42235
65648
96610
-62215
25345
-65691
-40559
-8389
-51963
56445
-62191
-10044
12700
-57653
10967
-48007
54679
97108
-46865
-95339
78708
29351
65840
95303
44409
-13287
-46672
-80679
90728
78326
53348
27318
18609
-41098
-1745
-94903
4151
15006
-76199
12325
4012
-87755
67838
-97423
-76906
65003
-34176
-86760
96105
-38642
74681
47982
-54080
72824
81769
2500
-3431
37624
61857
-30407
13636
-3147
-58952
89456
-27008
-9029
93675
-85770
38031
-91971
-43662
55433
-63010
78852
14436
6708
64712
23282
-47576
-70820
-76966
56615
83141
-12781
-2879
78357
-43764
-21406
82021
-32835
42171
81862
60346
78605
54433
-14964
99445
-42829
63905
-18097
9227
-56081
54254
96277
74923
-61757
99049
-38090
-93513
-25314
-13656
-59616
-10230
-24088
18257
91004
-41243
51016
-75271
52796
87969
-23040
18769
37992
99291
34427
-4131
24670
-72091
-26108
-72254
-22862
-20648
-62330
-82141
99237
-99860
-17629
-47527
63727
27577
20185
64624
-52194
61164
33441
-47227
75723
-61495
53181
-24761
19433
-52429
43610
-78110
-37960
39329
-27471
44731
-63027
-77825
-9441
-67637
32846
25999
-99543
30325
98656
-69006
-16208
-18014
21929
65226
37499
93677
85006
-53443
80396
-77406
-19183
9877
90183
-32872
-76281
-50415
20881
33841
37144
48078
91498
-39304
-91483
36450
74278
91432
14556
8036
-27913
59168
46179
71128
95445
47216
-2932
78780
-38131
645
-93855
65850
-23391
30548
35499
56377
84215
58750
-85328
33341
27362
-33120
58243
-38689
77266
47181
54492
35752
-84692
-32480
48072
84662
-97433
69319
-52035
59451
8440
-25713
-40337
-96177
-73131
34346
74027
-4985
29886
514
-26831
-53306
-8074
90648
44089
-39473
-9144
-32736
-89363
-89453
-35493
-99945
-80562
-97119
-88425
5098
-62178
-72280
18026
-7941
-45093
-7956
-99772
42645
2448
-94534
94687
82507
-41211
-98922
-70609
-65168
86056
-14404
37151
42053
-34615
13166
-15083
95479
62537
-45675
96318
35126
57372
-20808
-16331
-85301
-68976
-2325
47047
-12971
71361
21613
7978
27757
56349
66333
39026
99180
98540
59902
77815
24483
-7530
-11849
-56974
-5289
-5410
-12480
-83015
5606
-11144
18144
6791
5147
-52561
-78005
-1804
90249
-70827
58857
43732
-88450
-21743
-50641
18591
-40671
61802
-61300
-78290
22587
2107
6289
-37773
3680
42466
-2546
63406
-84020
40367
92699
50853
-84992
54462
75151
97855
-44746
-728
79625
-58526
-104
88547
-38663
33348
67283
-41335
18568
36664
-32627
98494
7037
-4101
2783
-91252
24245
12147
86269
58136
-21622
49405
-7475
83932
-49400
47016
4439
23507
-69854
-18536
-94691
-85508
-75060
84819
-74282
-20842
-57345
-85885
77813
53143
34462
-390
56874
33553
75818
11899
7643
-16123
-15260
32444
1006
-2366
-41561
70494
94453
11059
-26905
-95671
-73034
-48653
-87064
19704
-17430
61353
-60887
92242
16257
-46829
65450
-25390
29767
-54828
-67938
8722
67639
51536
-99327
-88928
-65806
-64937
-82175
-15275
-44263
-48148
94042
-91527
-18738
-4868
15474
64409
75472
59495
67274
93730
32100
6495
-35647
-85129
-83194
70905
4135
52386
-54724
-20952
-66334
-39065
-15478
-39652
24175
-99627
14006
64828
-43363
-78891
-76285
-14706
-47844
96059
-5402
78988
15408
92453
41730
-42156
-20418
59421
-66786
-43089
-94577
-90148
-39903
79481
-48563
51617
66552
9173
-18011
90431
-45955
96759
-65253
16770
21514
23131
33048
80640
-2429
48141
30719
-91410
-9213
-31136
6170
66862
91747
21454
81240
53723
-94264
52307
-37354
-32893
-12113
-57943
-67385
35095
94911
29419
25131
99378
89665
53214
18186
-40235
-29619
83497
95196
-12518
-13001
23562
-3368
20949
-52229
-47664
98964
-56608
36008
-17963
-35915
80515
6622
-45758
78318
88695
-92763
54218
-16049
34394
66640
89882
60217
73213
92324
-99479
-91081
24247
80755
77236
63815
22724
41849
60736
90222
-40184
-8224
1530
-63892
1187
48833
61615
56419
-85958
-41262
13534
-57980
-69510
-56079
78376
-46001
42297
87354
-3010
56182
19917
-71657
97799
64395
-48702
22615
-54722
28431
-76253
-63970
66337
92184
-29306
65425
15775
-41665
-80033
84686
-25161
-11099
-90266
19682
-37871
58520
-38782
-65787
-79491
-71014
-48698
29163
-30787
77239
-22602
-52459
85252
-62366
52593
86293
12252
-48483
-29387
4440
-12969
-38684
-10476
-28032
14919
41827
15708
-26248
-4260
16255
-39119
72295
-40414
82904
70999
-38304
18296
7724
-354
-87430
81310
24604
-25989
81871
96973
2318
-56829
-85884
50154
-69926
89319
68886
82082
77721
-15501
68925
-45815
-72675
-33721
17299
55757
-10528
24761
31381
-62045
-47694
84421
71002
-14770
32336
16086
-11178
52026
-44331
-93137
-52897
83608
66099
94126
39
4160
-95904
96130
-25432
-98923
40112
5950
-93151
-10171
70584
22622
35907
89663
67464
-1194
98233
92402
46191
13640
-78866
-2763
42017
-93689
-44442
1557
78027
-10477
21593
86339
-49863
-95872
95638
-70095
3221
-73940
56364
-16397
-49225
-44130
-4781
-30686
-52398
-58984
597
58012
-63613
31426
-71016
81109
72864
87
52348
60183
33279
-12330
58864
30218
26939
86754
32389
-51583
40784
-53146
-89074
-87353
71928
-98989
-43466
-25106
94146
-79607
-33509
37626
83730
-17596
-51587
-2937
97119
-44940
-32908
44980
29252
76030
40363
82120
-74655
99364
10966
66440
-39998
95588
78464
-98050
-5844
42833
3726
-96400
-44987
6974
66587
-39674
32752
-86122
-86348
61304
95231
54161
68087
-55335
55170
-98928
99993
61128
81360
-23971
46554
-6951
-19343
-43615
90758
4157
36382
-32411
-87936
-29892
-37481
46300
57428
-6005
-93960
19175
-10808
-95562
2203
-69750
4952
11948
9885
5648
-17123
71604
-647
99930
-91773
-2703
12957
-12148
36243
-92954
86772
-45481
10286
30138
2296
98913
53705
-95082
-93119
33108
55989
-16446
85552
50034
-97839
-28927
18710
23006
-18740
89884
-48420
36989
-69596
-1145
38259
-30597
33983
37832
-41298
-92004
-25616
-65710
-18518
-89271
12471
-75465
-49446
90582
41240
-36429
34802
-9772
92096
1651
329
96713
-17777
59963
32634
24013
-85323
-13953
41489
-37569
88888
-7585
-38886
31309
9554
-51911
85048
-2248
91964
48590
-87106
-89949
-40750
73033
-17821
13703
-77406
38371
-76836
-50149
34891
-61950
-59615
29205
59861
47262
10324
60992
-95707
68092
-67511
22994
27608
-64286
-30403
-28549
-47006
-66190
90694
-89826
-99739
15395
-62265
23149
24616
2634
-57458
-54780
-59436
-76308
86990
-28555
-74711
51904
74167
-93995
-19308
11350
-35039
-45289
-48864
35201
-85945
46350
-18192
23726
-9544
87404
-39921
38808
40911
22650
-4562
36778
5042
49783
34670
-37772
-71717
255
48082
-59318
-94285
-3218
82177
40267
74093
-86462
67251
-89468
-20137
25623
427
58747
-13811
-80478
61212
67634
-16074
-13213
-29699
-89258
23787
-16703
-30968
-52446
-76203
39022
77070
91201
78175
50871
-29482
-3881
-75094
83026
77601
-83333
-81672
-64780
53973
99009
-95724
21009
-97400
-75984
-62938
-14754
89239
-48700
-65955
-28207
-87055
73766
51285
-24260
-94344
-87847
1133
29603
6489
85303
58655
-70419
56073
-64130
5628
98267
-16060
89868
18659
75471
6970
36308
-53798
-24406
-69387
47755
-26924
43504
-68227
19081
-62459
16525
-9946
-7576
-19205
83500
64491
89460
-74182
91137
23775
38490
94109
24165
30096
-67116
76013
85161
27052
20653
-35005
83902
-55824
-70694
-90830
-64131
-5546
69297
62120
42003
67390
64702
-13965
11421
-26792
95128
-44795
24888
-27791
78152
50262
79141
-56144
-32608
-65955
-80755
-35954
60594
-38931
-62593
63805
-55555
-4710
16261
48625
42454
-42068
-10807
-62141
83912
-6426
-30019
64437
46771
-85838
95350
-23757
-71416
-5709
15421
78293
-63125
98375
-37211
-84427
-69527
-21078
-22688
19528
48429
67332
-76783
39463
46076
41130
59604
77214
-24661
-15941
27505
86525
-80358
-66240
-18554
57969
78828
-10833
10896
-38157
-45087
-16635
88642
-6226
76003
3366
16799
-39208
-46572
86624
32757
-58442
67520
67658
38049
71015
8152
-13730
-42932
-20592
-14376
-53280
83922
64756
70365
31569
-87014
95890
38322
23601
-68799
88620
-33017
-97684
65488
96294
46794
83098
-36360
87105
94825
-32326
-92457
-98771
91774
63645
-5005
34735
-17065
86166
-84394
-51386
59633
55858
50416
-43368
-46532
-26854
-55761
47176
32720
-30983
51341
80978
-86118
-55109
64030
55874
-33634
-36671
50194
-35593
-27105
-79518
-77921
-45942
-43601
-7744
38812
-95638
34795
53044
-54702
83646
-18052
-99502
-998
2650
-51443
-64361
-1683
-53452
-65744
58053
6363
-94746
71066
-97131
-95701
59682
-13881
-22784
68018
-30784
-64062
-91366
-77554
78064
32137
94471
-60190
20246
-62912
-43720
18157
-73728
-7397
-24094
93963
-40375
-2388
12691
-96122
-60201
-70222
-2313
-33702
50327
-49787
-51838
9007
-40937
18422
3551
70898
39015
18883
44742
78619
-19019
-70342
-58913
-20848
-18384
96988
-177
-8214
27214
92482
71303
65911
19459
-63063
-53663
13402
81977
-59234
27849
97942
-50633
-49941
-10592
45767
-72220
52468
-68054
80820
-90726
47521
-29112
-43594
-32843
32020
-57544
92998
52816
65919
47121
-10440
96183
51437
53848
57577
-67430
62449
27528
-30487
-7490
-69993
96063
-70191
97722
-40911
-19436
86092
-8921
18599
26059
36701
-85926
-76210
7138
-24362
-91246
-23973
-25087
-16859
-61007
-45638
97077
-45343
66526
-79516
29854
61791
-7725
78307
-91588
-89715
-28906
-40496
-27741
-55364
35807
-44896
9460
-16196
-52697
-45949
-23034
28561
-46865
62771
40299
8689
96211
12604
21563
11921
-73259
-98297
84912
32448
-1466
-66827
-82296
70621
-98818
21685
4297
66280
47204
37526
-26091
59161
-69390
28785
-99285
55801
-34824
37110
-20118
75706
62798
98978
45087
-78712
-95214
-2312
-79369
-51393
-97707
-22975
38101
-36128
-17748
36048
30067
-12272
-6949
-63249
-766
12826
42720
93410
45838
58023
-40621
-1449
-53045
-41747
-11842
37595
-15703
-32458
-28642
-17515
-11810
69876
39937
80362
11011
-52602
43411
-23550
-92982
46290
17207
64274
57840
-13733
49719
99045
-54618
-74608
-55377
75124
-22881
74136
-22658
-7463
-78893
18322
67628
6590
