1000
8686
-7016
2692
6928
-1087
-1545
-6769
-1630
4492
8367
-7253
291
3054
2398
5043
-8649
-7825
-5567
-7323
-1501
-4018
-9820
8725
-3991
1189
-9593
-3747
-4603
-9245
-1253
3520
-498
9116
-5422
-1729
-8767
-2802
-2962
-7595
-3165
6283
8914
-6016
8998
-6700
-1852
8924
1654
-6940
7174
8011
7122
-6845
3639
-931
4526
3700
1706
9369
-9594
-4646
8278
-3918
784
581
307
-2480
-2576
-4094
7213
-8168
7336
-6210
-8720
-4008
485
9795
7724
-5283
5493
5904
4036
-1956
-377
8562
2854
6195
3268
-2935
-2142
-8662
-2235
7326
5399
-5686
6849
-2870
5033
-9101
1869
-1305
8522
-7826
614
7762
2765
-4108
6897
-9511
2413
2125
-188
9485
3516
6737
2680
4528
-4251
884
4883
-599
3867
3185
-9056
3051
1500
-8563
151
8254
-4170
-1153
-9015
9513
-771
9427
1797
-4422
-7402
6379
-2761
-4970
2112
-616
-1299
8763
-8163
9251
8058
4137
-6095
408
7059
154
-8264
9288
-9327
8200
-5196
-5755
-5087
-3001
6149
-5430
5781
9544
5150
-9104
-5947
3152
2634
52
-2765
-786
-8528
-7228
6893
3023
-9755
-5340
3205
-3177
-7798
-5521
8475
-1068
9072
4109
4161
-3214
5807
-3251
4069
8662
-3390
-3803
-1594
693
-5041
6739
2194
-5792
-4397
3102
9697
-2975
6897
-7665
1765
-3708
-2555
5595
-1256
-3460
2787
6967
4630
-3674
4153
-7256
-6321
-9125
-9977
9510
-9523
-1404
-6447
8293
-1785
6606
-7782
-4363
8097
6094
7241
3402
5316
5108
-9447
1190
521
-2354
-318
9564
2988
-9202
7049
-1831
4339
-4616
1511
8319
1830
2696
-7141
-2274
-5808
6484
9853
-6284
8099
6915
6293
-6598
-8803
7265
-4028
8227
-1930
1329
8277
-9988
9661
-4034
-9120
-803
-2936
-4161
-4989
-771
-4973
-2760
8919
8862
8413
-7110
-9786
-7645
-2712
8271
6755
8145
-7896
-5536
4462
1112
-9136
755
-991
6053
5066
7916
9631
-2273
8529
199
7622
-656
6883
-3939
-8524
-9876
6311
6509
-4830
2172
5660
6008
-6267
1514
-7990
-1359
-6737
9615
3708
-928
3410
4006
-6196
808
4980
4533
1502
9218
9705
8382
-9143
2516
-5685
3321
1972
7976
-9130
-1001
8532
5068
7030
-1965
-9331
4825
-8492
-645
-9409
9913
-82
-472
9176
7032
-9158
2864
158
-8004
-9419
8357
-2750
5922
6111
4714
2728
-6608
694
-1708
6617
-6363
6292
-1480
-2179
568
-4040
-4058
-5112
6248
2921
-6346
-8573
-9889
4617
-4131
-6622
-2693
8060
2496
1115
8456
9982
2218
-410
-2432
1974
2025
926
-3289
9435
-4275
7247
-4258
-1627
-6973
3116
-4788
1930
-6088
6332
-850
-190
-3374
-5373
-2919
7561
2485
9657
-8961
-5445
6687
1550
-323
1849
-8898
-8410
-2700
1808
5378
-681
305
-6806
6439
4062
4903
2133
-2978
-4025
5251
6609
8204
9985
3534
3742
-4978
-2016
4803
-4340
7783
7068
-8953
-6980
9394
-6751
-1713
4951
8213
-1889
8579
1611
-1046
3290
9346
-9849
5057
-6147
-3696
-1389
-6533
9322
-2671
6212
4326
-8096
1989
7584
-2268
8567
-5674
-5831
-1180
-8477
9837
-5016
6001
6153
776
-6121
3597
-3452
9549
7079
8508
-9430
7524
-2557
-8741
2803
-1703
-5469
-1259
1867
-8560
-4938
-2102
5962
-6817
8045
9352
2422
-9426
3431
-8942
7561
-2904
799
-1996
-7735
6198
3698
-7414
-9796
5121
4219
-2271
5507
-2994
-5027
-4452
6759
-7308
-1660
-1453
2179
2372
6910
-5192
4111
1768
-8040
-5637
-7589
3913
6313
3808
6814
-2389
-3837
1936
5199
7518
9925
-6291
-1477
-461
9629
388
998
-3739
-3226
3287
-2262
-7474
792
-5862
6161
4042
6565
6165
5105
-624
9452
2637
2320
7754
-8746
9991
2555
6802
-5068
8893
6563
-2327
5050
-5810
-3355
4107
-6418
3314
-5292
5269
-8327
2059
-5753
4347
2980
1100
-6431
380
-9974
-3565
-5093
5354
4272
-7581
-5276
-1595
-5992
5027
-3214
8765
8684
5130
2770
3874
4673
-8797
1301
6853
-5879
-7484
-9969
-2238
6509
3742
-5207
9411
-7488
5551
-8595
4883
1
-6350
-5448
-7031
5245
-2090
6881
915
7715
-5620
687
8712
643
3119
3743
-2387
6279
-2543
-4025
5589
6430
-4374
4092
-9702
500
-1169
-1766
4873
-8345
2273
2720
-6501
-6395
-9730
9284
8635
6192
-2549
5904
5584
-3809
6474
704
-9651
-2121
-640
3638
1847
7102
-6469
-459
-3023
6494
8589
7843
3958
-7679
-8257
2113
1223
9671
-4776
7966
5461
-7485
-9018
-3511
-9306
-9098
6214
1852
7058
-1328
-9984
2392
4294
-5211
9963
7635
-341
-7185
4440
-6985
6906
5608
3413
-3451
-2
-7041
1478
-5199
8233
-174
3686
-6312
4500
3525
1655
-2194
9607
-699
9144
2458
-7846
3821
4877
-7566
5038
601
7945
-3797
-4803
9382
-3420
3740
-4999
-9477
7405
-3842
8185
-4093
8029
-5684
-4833
5648
-9086
-1281
137
-1821
-3526
-7038
-4253
7685
-9555
7341
4336
7310
-532
8652
7195
-5770
2095
-6771
-6137
-6913
-3026
-3410
1450
1917
-9761
-740
5289
1346
-4455
-5115
5241
984
6682
4934
-2086
7675
-576
-8208
-2818
-4888
-1154
-5967
-721
612
-6440
3554
-2808
743
7498
1838
5035
3824
-3474
-5186
9378
6603
403
5413
-3745
691
-8537
8543
1154
-3353
-3999
-1171
1258
-2443
5127
-5638
6132
-5090
9114
-7545
-4249
3052
9029
-4598
2801
7269
-6944
7115
-4008
-1899
-5464
2926
9092
3426
3736
-6738
-8775
5044
9682
6486
228
-543
-8025
-736
-9543
-2546
-5031
796
9879
321
-490
-4494
-8447
-4998
-2849
4034
-9635
-6974
4036
4917
3734
4993
-3555
3484
-6861
-7898
8026
9622
-680
390
-6164
-7156
4009
-2720
-1601
8546
5792
-7113
-5585
4839
-5152
-536
-3276
-5601
-2113
-2708
9208
9229
4130
-9443
-2871
-4523
-9607
889
8111
3754
-7036
-2101
2815
-8380
-9958
-2681
-4306
-7457
5734
2496
-4336
-8367
-1917
3632
6367
-7632
-1848
8340
-5311
-1045
-2482
8341
7647
2122
1240
5897
-8424
6229
-2981
1061
932
400
-5649
-7577
-7019
3788
3403
3217
-5974
-9150
9271
3963
7444
-1764
8413
-6544
4283
1688
8625
-7767
-2465
-4798
7691
1742
-7931
-7145
-6939
-905
-7598
-2914
-1574
1077
-8768
2415
-272
-3410
9186
-1768
-292
8116
6266
-6970
-2435
7565
9214
2673
8292
5628
4937
9008
8872
-2503
-3311
-8335
-3643
3447
-6990
58
1387
-6462
-3312
-7757
