41336
63560
15272
14214
98948
39421
65709
90448
10573
14688
79839
54133
33546
34214
99723
76959
93121
11291
67693
22618
61907
91893
87907
78642
42361
71926
50620
65278
26398
45328
32492
93395
23081
97634
66519
80683
23773
3068
63863
23774
93630
59397
27151
74122
35330
61195
53345
30930
11049
2226
22421
61054
96233
6201
67381
21376
47126
56345
40848
27174
42569
30386
31997
55847
26804
19677
20184
85534
15411
36941
14845
68399
57029
40012
3869
77637
25382
32762
51953
14885
3147
49559
88053
33549
75729
70389
287
87945
4356
36706
79254
79933
51316
76652
96775
74674
89741
32433
47906
63942
86236
16098
42713
82345
73975
61002
30264
49757
94930
30788
8475
81701
2534
5512
22731
85509
9917
67138
38510
21724
21974
68484
53567
60032
25390
78331
54729
33364
88759
27441
40353
17054
91802
66255
21586
8896
39550
38319
91224
63602
92286
34164
48996
43692
9768
61447
51062
56759
42543
77954
21390
94422
50687
55820
67847
56175
52820
85916
80445
53476
25850
11865
13252
10606
76294
45024
22735
47204
58545
94146
45632
21070
48202
60323
93403
4613
63433
70222
88665
71669
17488
31608
57693
81414
50899
63380
10117
77217
90662
17444
23945
81935
81257
62116
31790
77912
79497
26608
66474
58759
96843
54157
42977
69350
19
83833
92176
61378
74234
95630
40372
64762
92583
36496
41092
33308
60602
12433
52907
98308
45285
93376
9787
5203
5590
29218
60271
76672
74884
82810
48533
32696
19890
99670
54635
97110
63742
68603
21336
47131
79266
45714
35021
12282
2867
52589
32832
71337
36363
79512
78558
10004
39745
4091
39786
73411
35947
68407
27667
44289
33445
36747
60500
68585
97780
63189
24610
52149
82590
78208
50264
12285
11730
19144
34229
59593
75930
55224
96678
69114
6210
77664
27210
73455
52251
11999
55610
70810
86586
22527
74318
71
9687
43878
70180
36939
67150
56008
18820
46296
80926
21630
39381
11108
59554
61692
74703
10585
98711
52985
24653
97528
95324
36851
13967
74104
96372
29825
5568
65441
20418
90102
79393
94070
89415
24865
5348
12807
29016
23559
62157
85854
57219
93259
76216
80913
95501
56041
12752
1064
41219
27184
12075
77078
67721
2800
56243
64611
9385
49659
96354
76948
52250
23162
72459
40390
39544
36273
34904
95762
28979
27101
97427
71175
38055
53776
4299
98055
55027
84548
86811
49501
33084
83181
24149
86817
36103
33068
59926
21867
84837
54818
23903
71675
48139
47765
75776
23507
26495
42388
71077
34249
89687
89002
8909
71328
66871
38509
61473
4557
78249
60615
70778
17194
62552
34810
23435
55786
47204
83877
52929
96936
92471
96966
56902
38603
84673
6686
29430
19358
87709
72076
44417
60252
92876
74422
41659
14238
30752
63019
31837
72846
33024
66733
85548
28742
45877
62014
13799
79055
93825
48739
68500
38906
47733
60697
46288
61175
84541
27777
12282
41876
6679
81003
9621
86488
93500
44374
78704
3005
3804
43845
6106
91410
85392
22764
5370
82685
30721
90337
2761
93720
81698
62629
80252
54107
58412
36535
74554
44576
370
85105
31273
36175
40172
9855
54864
14571
26839
68112
24339
20905
99662
59679
12474
84158
59214
11312
45095
92268
51675
65290
73130
43876
74108
37206
87535
14189
27129
94551
37580
62074
84135
19722
42989
24476
39527
87398
921
33193
27716
24112
2644
12340
95997
48823
77734
80955
35018
62099
70775
42516
1368
93142
76679
2181
32174
16669
61857
10840
78513
6473
72795
99084
31919
79103
9829
16432
17252
32411
7130
64117
29992
44611
98098
34253
83134
19551
64787
94376
99526
63026
46913
97400
99569
79233
64717
22778
29085
30800
97266
70974
38401
46635
3626
48374
55596
57683
90581
7982
94381
83608
47187
28299
63761
76014
76831
25304
77176
91382
50492
45764
8971
56766
47651
13889
49210
4589
51232
24376
88364
47196
9487
63375
75544
86166
88186
71399
53560
23694
28540
1088
10082
89898
19542
61805
58348
79726
60223
87220
4105
18278
94853
81574
88968
60237
3210
66639
26810
30263
72785
32958
36031
21525
86530
12508
9693
16492
29605
88523
77090
25732
37669
22507
49904
4637
20322
60347
57625
9094
92910
7874
77748
84666
53613
50918
58123
84480
79343
52099
13930
20876
58017
38410
64422
46678
40121
59686
26720
3305
48989
12965
89053
41093
15149
68574
57083
92381
90828
61583
8035
46124
17095
62993
43289
70224
52226
21767
32229
62719
52595
15137
63705
64982
7085
34754
2435
22898
26942
2100
431
35621
49466
8095
31190
95885
35627
41737
14767
31384
45206
47170
22787
30122
29696
52769
30225
28422
87666
38787
66708
58700
43768
79582
60511
71380
36131
36385
62594
5726
72713
6785
60496
29618
50811
3229
4796
66068
81660
16139
54111
24601
43972
13701
69789
12017
1091
961
5833
19552
71231
24073
44213
68274
23918
51345
31825
31374
79463
25561
88539
26620
51543
99042
47229
16855
25511
23383
18342
71601
17439
96967
25323
81628
48227
28053
68690
96535
64929
72925
75612
99568
38907
25350
28015
68968
85658
85292
17217
27082
68254
65043
77648
84082
20266
82853
46101
50646
18164
59626
9172
86047
27495
53625
33207
18845
28014
70122
2995
42815
88000
91609
9312
34721
2050
88877
47544
34913
75939
38728
74081
70662
72203
44379
6949
15322
97324
23496
27679
4278
32686
58181
69569
16304
73593
58748
19244
60994
70619
46018
18538
95905
98948
88038
39764
10239
61490
98239
57390
23136
51624
1898
93664
40753
94699
67026
84149
43137
58247
40126
52640
83645
41710
34180
84255
28105
90662
55388
69790
560
7056
59360
21741
22641
47160
10440
7492
79681
8554
14165
48036
69394
21454
20515
72671
75557
38225
42248
38778
51663
57451
14983
59417
54494
96762
972
3751
61081
93099
94630
58386
473
16742
86455
84210
21823
49256
44753
54096
31498
70029
88381
73767
34205
50597
39812
37680
25329
5207
48833
34286
51772
8071
92906
9114
20462
81113
29031
44617
9552
79095
89018
82043
5696
91320
43602
38833
2213
44697
21554
45059
87326
19686
65354
60869
20071
29249
75375
42654
48393
58427
91434
39265
6454
26126
75806
71609
63225
70882
79002
38546
73193
9520
13764
80158
19101
64723
90500
65911
74354
97692
77947
94462
88778
63145
36509
38986
37944
23840
12692
22898
2909
51808
81634
83024
45666
82796
59762
34378
44975
14034
91900
42428
57810
60878
54661
89793
8023
56267
33498
85646
16596
93778
74891
30474
26765
87591
4821
27592
60653
61769
99047
27367
3834
15684
30102
77148
2704
63089
94579
45056
11436
88720
55476
66653
57231
88803
28567
41211
11549
51203
51383
55330
76543
81944
91267
61619
62311
54062
33797
30548
45181
97063
31513
16031
64002
93196
85805
13010
948
99640
28256
58190
77957
15796
37388
82667
83303
881
47821
44750
57294
34964
58299
75199
1994
56040
61802
18560
54839
5940
99503
47725
4833
36493
30084
78492
41717
82511
38812
11291
66030
20357
55981
37781
40101
25215
72686
51169
82846
99496
87543
84400
65947
62346
39504
59647
70797
75369
1292
9981
44657
92198
60877
67381
62451
69589
35375
44487
14888
69299
39351
99884
53553
83147
60926
7533
8791
29678
29703
66180
18733
39140
24301
25747
3398
51390
30099
37136
80895
27178
15254
33736
51884
69962
39428
693
92232
8600
25315
8617
32700
45558
82198
33171
39672
59257
18307
30656
28333
41445
20247
36391
41027
74959
37020
8881
48222
11711
5236
62370
38472
54420
38293
57557
49912
64456
8099
52790
17395
38785
72808
37647
89482
87008
27713
6551
78794
22296
51128
43105
36533
14848
94564
94598
29163
85062
88005
18387
33880
1359
29433
95880
42448
16215
90048
96350
78285
65241
81644
484
55360
87384
38238
98571
70411
84827
21376
11978
36899
661
3947
75224
20663
36869
43557
10356
72324
34895
20217
81200
20449
29086
66266
71632
41505
71511
4759
30008
14915
18041
23817
47166
55931
45211
60654
74391
53564
61895
56321
66968
17254
70505
29266
72549
38594
75429
31237
40322
95323
77595
31643
31026
78143
79774
72645
18428
45653
86674
36819
62123
77260
26268
60887
61307
67223
69876
5116
45240
90478
22778
57938
54152
64204
45458
47311
4191
64357
92582
51267
89600
10729
192
6350
84117
31602
29805
70781
86936
47816
43490
50258
99199
28274
57168
54028
62987
14904
539
2113
76207
10570
46117
66584
23344
86720
15823
25941
76301
98267
77366
76263
32229
96247
44828
13141
11585
5384
49874
99767
26289
21001
86783
41980
57953
28251
81186
72051
95316
21945
31902
22965
98173
68439
77844
33023
79496
13706
34939
50662
63603
98446
3469
89876
10059
8743
1255
72392
41634
53685
76955
64047
39831
13128
13247
4158
39946
68805
36954
58030
9608
56755
25151
15853
38058
85154
84975
78157
86410
27567
15556
46361
19096
95388
6338
47379
62640
76149
56763
77798
11932
28540
8432
85628
94903
76745
83497
78149
90021
63570
4837
25951
50899
64857
84553
33661
62147
67832
82808
47809
11375
53586
12662
84465
18822
98523
41022
75541
26324
26438
12720
7452
94401
12334
65070
68803
74967
72234
27181
87656
55001
85
34992
47688
90897
77567
18120
66744
56342
7138
42815
54889
30317
74294
24277
37452
73960
2149
11563
26555
3734
14548
12391
82627
2183
42226
59720
59411
55564
96412
52753
22823
54278
91376
41784
71342
84858
5861
35290
85095
36451
99607
83286
77518
64091
61232
39546
71627
6215
90337
45616
44878
18745
32132
93311
66006
65711
6509
87749
46651
62407
60914
93343
52584
38208
84768
72950
11232
2
31177
54986
80840
13654
11020
24758
15615
31049
56656
5182
65043
4463
24123
53267
12592
12877
60743
99559
68882
32694
90078
23921
66972
3979
277
32798
184
3854
50007
59623
66758
84131
51373
7224
98636
84520
31711
95397
75352
76326
90453
78774
27036
15173
28474
41145
14574
8885
31200
5218
63595
42705
82570
43490
5955
46206
8145
98405
15556
98665
28500
43390
63877
85558
66991
64629
37505
58407
68063
95569
64914
90909
94050
2070
48962
43
83493
60227
99838
72184
47927
46840
99445
67161
6628
99269
58566
44632
37904
45029
24792
23469
29072
71557
8830
33090
606
91557
5242
83675
29471
62219
51143
23185
94530
47784
17549
10437
58590
28873
81032
1675
77955
1306
57400
81337
56400
80530
34726
38053
62614
76245
30334
73790
22862
69702
93820
64041
49403
11688
21003
59753
7359
97385
92904
27410
88821
57894
50291
78178
85791
7643
54797
25585
54616
78569
89541
62464
27212
99534
85298
37778
37576
11558
61812
94104
52222
59211
25146
40024
16916
65316
7388
55735
28848
71045
61251
33787
6528
96772
84642
93440
21548
69413
83094
57609
51640
59154
46805
79655
56469
69517
56506
62641
66514
51172
66459
18319
11810
83006
62739
38468
58350
59165
62711
13057
50703
52518
91117
76666
251
71740
14823
42830
69770
51061
48255
80479
86375
27229
30400
38449
20422
93690
94594
87276
52516
6919
47555
1819
94910
70743
58325
49478
84767
87966
91887
99555
52260
71446
56776
61521
95659
76027
46025
6113
67627
12411
82165
42932
61820
14027
71822
82974
46196
59307
14955
55820
3726
7967
12522
38001
17958
38620
31461
63263
70616
98634
9389
57553
73513
80503
37933
49584
39901
29920
23506
51101
29178
67956
97275
99896
82202
19054
84711
54288
31921
70043
97530
19434
21323
30679
10201
63902
82480
78281
88914
68682
72913
62734
96901
19931
7768
80636
42944
34299
48560
81629
85731
83779
82982
77100
78308
43661
49208
10335
24592
49906
50936
13854
36029
2826
60785
94375
42015
1721
55199
54158
75909
38321
33939
66800
80084
28364
39459
48301
74523
60909
45081
79172
37125
22540
68711
25415
34555
21646
6793
4829
98526
1222
29620
47
91504
81586
17963
52972
85552
76224
51496
30719
3008
97676
87996
24937
10739
83110
92405
78804
45207
46144
28044
27846
78427
29707
22359
72899
3099
64696
31904
78654
93797
89921
36802
9128
34625
83504
65568
17526
38027
87367
38815
46066
21512
8831
47341
44512
44904
76757
62542
44084
41875
95264
988
68275
54753
76040
81080
95861
13061
27891
8689
44163
95683
45779
73999
98142
93833
63002
3023
91237
26913
81374
43523
87544
6720
22295
6229
3201
98322
10046
55832
85192
63543
28991
79803
48114
41885
19802
37063
99601
41425
71485
12608
41044
57773
25226
81032
96158
59793
35825
51304
78035
19773
19869
20504
92785
74183
38798
6590
71120
17136
17973
79839
15092
5125
46576
10849
87712
14374
83091
65999
22863
28870
7796
30198
88153
34405
52852
92526
70895
74578
76676
36615
36440
32491
15819
32752
64517
15415
1509
66023
58056
88305
93711
65246
11440
53342
48030
96777
77230
63918
29063
99555
47566
90972
65406
33037
47029
12677
5285
49198
30271
71476
94914
496
34477
58731
11626
38869
37039
26127
4919
40394
62773
344
73580
97237
17777
26216
36575
8879
69395
81827
35904
3688
63712
91970
91555
95690
34855
23382
20691
62058
84040
50670
98680
16125
10305
26016
73464
53564
62928
73381
28401
11277
66021
94259
38094
32159
24270
99380
31079
79320
37654
81758
8249
7823
46078
66672
36952
49678
40241
88404
69325
81591
56702
26315
22012
12649
58718
2836
72682
59068
86612
68504
54978
49294
23142
46304
68884
77233
51843
85437
41855
58087
38666
72891
11250
85526
43119
99276
99070
73337
79295
32796
9664
25669
44997
29815
20481
85817
27981
16638
40064
78581
54346
65614
19270
44663
29157
16349
54273
9660
49597
86081
4979
86962
87419
52874
50686
74225
18290
89425
78317
91523
98516
2901
88647
43990
44462
78349
87970
10792
52932
17332
59413
48482
34808
5834
76247
83112
2173
29559
56559
47185
72618
28772
53889
76938
75716
44813
77133
44327
11329
41862
31143
62251
74151
23317
80318
57008
15026
47088
71426
58258
50000
68630
79420
9233
17544
80581
97212
54550
45571
62300
15603
60054
97858
49638
4039
42903
26159
85985
84942
23308
74468
13404
53345
5851
2685
88763
55560
83902
37551
50418
84144
25790
98553
98379
744
18883
12101
84721
15012
27178
88203
14594
52886
43477
22562
13651
132
88280
82266
76640
68162
10645
34934
73257
37443
73152
97307
38680
33691
52287
63781
64839
5642
33136
91049
36946
85302
71400
46455
6787
11423
63615
37961
91081
11352
14185
69057
67262
22490
66667
4772
59879
45550
48082
39007
15645
64063
80052
32413
61299
15933
94260
32934
11149
10515
53443
40603
7296
87886
87827
20079
30513
91219
88280
88898
96172
72461
9668
83057
81398
81969
55442
12050
4614
1020
11257
7924
94074
88588
74943
87694
50544
51690
39171
45307
61057
65222
97330
59379
46967
83792
55306
40759
38429
92156
3088
22237
95259
11930
81976
38927
19341
6961
34129
8648
39923
4632
24483
83565
54684
50172
22354
89341
40651
325
64209
53787
65624
31761
93326
93382
13360
62664
25835
94061
3949
81633
61768
29586
45526
84451
40834
46218
19649
78287
25022
77365
62158
4343
45311
45752
53792
46782
47072
16100
80792
7832
61191
25624
35213
71877
98179
94102
12271
40310
48656
16701
45989
35660
55051
45427
9329
82261
82706
51940
46015
81228
55689
67217
43696
70962
64109
60952
74509
78592
87565
2095
71635
55414
88199
2845
57237
70152
8298
51719
99261
31457
21278
76321
79586
73307
20710
10562
34808
61204
54005
75872
60660
60776
55803
53726
18945
99032
79327
83587
12955
73122
81214
80094
12110
16534
89214
37777
90775
72128
50083
16929
26401
53322
43075
7988
41833
8774
67789
2956
89234
40844
73069
91081
39466
84934
55748
73446
57548
33575
74736
50410
80657
3717
52393
4789
57604
75311
2636
96522
81383
80231
72943
69754
15533
53807
11738
61597
72685
77603
12536
1133
16911
35313
77765
25717
12617
7038
57965
50339
82752
91889
99364
94150
43458
21939
49017
47610
74006
4180
66551
53778
92577
2760
70281
75719
89064
53156
90876
27806
56898
928
85200
28543
54216
23831
55856
61279
23750
10414
15960
15520
28953
73144
39805
38007
23323
73098
90967
6541
45070
40619
73240
84500
50316
53683
449
23445
38597
28742
27088
73815
93908
66084
15443
1194
38999
26998
9048
34960
54210
23313
70101
22541
17718
9950
65578
21227
94970
17350
42420
71716
61332
99072
69233
72028
19491
23279
46083
22655
92128
82197
91337
58617
98199
39753
15899
87206
26735
75323
29172
50970
72711
56433
6187
40117
98281
9100
37929
30417
48190
87991
46679
35236
75797
87955
13897
8731
86015
65248
5501
64229
48167
18182
95843
98110
28930
6238
45358
52454
3958
50308
9261
7468
93766
26711
60182
56641
99862
28846
23542
68863
57953
25529
50638
24377
87388
31922
30430
29011
95562
19057
68554
80418
33564
51966
1769
93525
81425
62673
76220
32846
688
14423
59246
18213
48899
31628
72900
62653
79720
45576
9017
18534
89884
7679
8346
4540
35379
9080
33886
40880
18315
80237
75620
20752
69975
80085
48274
57555
64515
63903
45925
73928
34505
68667
55890
50814
69931
70960
62868
83649
81499
18805
77480
2714
65421
24882
74425
38129
76061
21237
59201
66957
73053
46764
38971
90164
58959
96441
4866
97319
91887
9114
14186
13393
98850
44800
27814
95602
31630
38201
73076
29041
47949
74930
42627
50311
52621
69456
72961
38083
34809
50688
348
8451
80412
52657
58703
12832
32425
80423
6855
22568
51409
64898
60939
37609
72196
94629
50489
78945
39082
94294
99905
99078
60113
48174
7681
45149
78025
50133
38099
5936
85141
26103
78052
5475
58100
90195
15528
37697
76268
30671
7650
43573
46142
11464
75144
78289
21398
91808
64882
79777
98104
70651
16171
60877
10739
71152
80800
2203
55161
63697
80972
34440
31454
84107
81040
42944
27493
96344
20237
92547
84552
63043
76307
43852
15916
22318
71987
68734
22382
16579
29019
26006
44764
8174
94787
87064
19
32115
65060
99969
71533
49965
79836
60383
86083
69227
58839
86589
89063
2380
54155
9111
37833
42017
61964
81590
11816
97374
80012
42106
98256
90429
53599
1503
79949
69415
47944
85888
70236
75550
82368
38480
89472
88674
17371
25781
85364
62764
57954
96127
88741
51895
64438
69257
76452
68938
83530
1214
24532
16640
48560
18696
90811
80269
97934
52514
56745
93919
83840
31555
64342
68346
33445
22486
8851
35641
52435
43945
13640
17564
25760
27663
81266
73187
25516
39799
37984
66888
18039
7610
59432
30418
22671
6081
54284
29059
92221
75914
99539
71006
53633
16603
33703
11674
66787
47701
49495
31744
88367
80509
17277
17183
97613
46199
83999
12639
37420
87288
12357
4462
34639
11471
86039
63502
40680
25191
47608
36161
25780
70451
48337
10166
59064
65330
10164
99988
74590
73235
28476
9127
3793
90015
64324
30579
48455
33576
45618
38016
50075
74444
98712
73246
29750
17117
26439
8696
37865
40140
12092
52763
48173
55031
66960
54360
38839
45612
75510
39930
83852
27797
9877
66089
60646
36212
92925
37448
37548
16117
37018
14038
57669
15090
81145
20092
84415
27841
52384
13755
94031
57182
13004
86188
22731
70249
63846
798
10622
62165
47943
13592
43207
28430
61600
71161
60198
11906
2689
43755
32884
20585
1470
63786
27169
46314
93255
10539
6317
4220
91107
6198
94332
82723
53918
12546
7126
11451
82289
23946
3124
15135
31361
72490
54587
78669
18010
37439
44440
78053
56134
936
30004
13422
28772
60928
47073
9830
89355
53706
56789
5767
73652
38372
6436
73043
94689
28523
2792
38846
72875
29953
18646
59558
52062
61809
77032
41004
1015
2956
8154
18753
3647
87387
45309
66597
98420
86229
93231
64232
3979
57124
52578
94386
2654
46958
92455
95485
38529
45093
47155
22488
40077
21718
37072
20390
19120
75773
27023
98490
15675
33867
62203
25269
90624
1351
8181
53977
73956
63114
26001
38257
38256
51290
94789
30800
67308
84487
41335
69100
82813
46085
58837
94383
50479
4023
42821
73713
24107
40052
92093
8461
65465
20414
59774
57921
14297
33439
35589
11122
47430
52811
93179
55916
40075
64537
53394
10815
37029
74316
15801
23833
64969
42619
65568
65640
4592
37428
54884
12294
40748
72783
33451
59041
48925
75596
27836
67310
98126
15036
64867
50656
50558
39228
48368
25050
43333
29734
8885
74922
29085
59995
87418
70021
68264
75360
72119
8022
14878
69848
6980
85561
24622
18239
51427
79314
3974
28708
73534
77714
26955
8306
44104
77869
78436
29985
97360
65161
43789
49728
62951
72089
86217
15925
69911
41006
80990
81430
3028
49269
57106
21870
50597
95290
26516
19274
83956
49850
24581
84140
7947
22166
91226
47944
98985
27158
91684
60166
29329
75525
90964
85376
45845
53408
40947
7308
35248
3489
45006
37213
79362
74603
88054
71540
75072
40630
22407
43716
68436
79939
44683
91454
49503
61346
90848
73404
47417
70740
24512
84077
73994
8981
36068
58457
50379
5809
16950
97845
57258
64307
17756
81619
45321
7429
16111
59965
63632
21750
86364
27088
18280
38276
68217
35874
73033
78195
40644
96385
35936
43670
1867
12288
77193
90940
94695
97085
39470
45743
76752
66085
15954
86682
13829
67767
54171
26030
50827
73751
46833
64843
93935
97332
77582
67022
38199
43032
4428
86186
89431
97245
84942
7523
25073
88271
58147
85867
4510
21313
71489
53608
14059
42837
45784
42448
94088
23988
91448
6635
55055
31210
93870
85213
24479
66563
54182
2861
82941
19725
69696
20125
18133
87017
1011
61422
55230
51884
54713
64182
48493
34206
34306
50566
78144
69746
61327
75016
67168
92611
67577
52758
15760
61828
19984
2069
97312
1339
20414
46425
79778
52332
26613
56972
44086
79715
65561
50875
80350
92604
29278
98414
27413
75828
80946
22903
94001
42635
26206
24873
74928
83426
39102
5098
34
69326
2483
14368
86702
11761
85627
86461
74246
67780
57679
28107
24462
19799
16809
11852
99336
28764
56041
57402
57257
11915
94249
32898
37526
88721
14143
56405
65558
47952
54196
68144
6581
32017
59338
68583
34524
56580
14981
57482
53093
94871
28409
51027
32357
37278
57700
72084
83703
73185
19685
13104
46791
81021
38599
14481
34616
23593
18744
81086
78170
50542
55962
99740
95358
77013
54141
22700
25627
70218
91835
91781
21227
61166
46156
71574
70520
70403
4650
93377
90222
10488
17695
6645
68356
83810
58139
65722
73550
17463
81353
62238
98954
49933
34237
82292
10131
61799
23219
93980
63723
85957
43406
61102
30840
95113
97318
86138
44013
99180
10182
55897
50130
11294
8706
63040
9317
70421
12160
39764
47920
25319
22995
32011
38925
96457
36486
87169
81402
2836
81586
99069
99272
63432
91754
94747
79661
11724
90857
2840
47484
57111
29255
14937
72998
2578
54622
63466
21101
12955
31069
5181
18804
62897
68683
22518
67370
9704
56455
19875
77540
90526
84622
94068
99580
98711
78348
91500
22727
2106
83229
93001
45312
80505
17782
83233
21197
82367
37657
53516
29982
92963
50775
2685
27886
3666
43812
8538
87009
69628
97157
82655
17535
75845
50479
1708
44426
71225
72864
54144
11489
84966
84009
54662
52652
43573
8645
78117
88122
83659
13176
85192
65352
63554
23461
90052
81576
74804
57408
59130
9351
87590
41411
56168
27754
34051
37589
35584
16315
4932
51479
22494
73081
1113
48227
55072
28403
96570
14394
75535
89537
33454
40502
31021
8934
18431
61415
54024
47566
23641
29543
58444
910
27553
13572
2882
13833
50926
5619
99803
32226
61191
14068
64690
61144
9700
16235
91543
50452
74243
70083
43723
72664
56388
64877
99132
3906
52274
94816
60682
36241
76375
27185
61711
38135
25054
66498
93528
91127
27098
50590
61036
40494
21186
94101
23082
58324
98349
78948
24459
54825
28377
17684
90520
70724
61577
55561
36430
32151
53798
70950
18119
81485
17875
82125
50958
58093
92390
3744
71656
86233
14484
66786
45681
23313
96031
17867
5951
4613
89628
38171
31545
19309
75273
52321
13553
85254
66191
74183
13079
23509
18540
65665
1827
49295
57882
11625
39807
75904
63508
48836
87991
94
9971
69158
59538
79040
6041
55523
66886
44733
85962
4663
14358
1153
80615
11059
50656
53670
39501
64013
84043
18359
19660
91376
72662
78931
46241
51277
31029
55425
35985
26180
2179
21720
70926
85199
23423
86119
54692
51325
28758
18603
77989
42876
78551
19825
84780
94175
98580
20382
42318
93633
4325
5693
49516
34218
8933
46018
67334
6610
48783
25000
9273
52093
51723
2728
37957
5307
76831
43763
89995
84996
51383
70263
21198
58268
6060
73294
27507
98368
12605
69495
44851
61655
9989
4628
83563
41803
51779
30066
76867
46913
33018
55338
55081
8868
30369
86390
3984
39127
36598
9845
16501
17244
77472
30423
93907
36949
61431
59838
60404
27218
44953
23667
44495
36325
60564
18641
6999
59079
21584
81828
50902
71395
30899
8570
12854
64007
56209
69243
65020
98471
37611
80159
37493
4495
85808
88018
4581
8386
40407
9305
22322
7576
21569
79760
65564
25574
2483
3207
21319
13354
22135
22691
85972
17014
64709
89334
8666
49087
64803
14499
37738
70813
78827
55554
32819
62013
53216
71063
46135
3403
40057
89723
52481
87462
46162
13503
46553
42644
60894
51152
70511
62708
66276
14967
33126
1213
49591
72126
46515
43576
51475
41121
1649
3816
59898
8498
10838
60733
74855
4864
45514
94184
44278
85391
99335
88775
71819
68205
50369
10916
97385
19173
70576
80359
8791
45033
34767
95367
3563
75213
85702
40082
76211
94446
6703
96376
64159
78649
99520
23408
51586
71140
34081
92940
66598
53828
61225
26989
53227
27822
13396
54993
23817
37903
38462
12986
38111
7759
32326
98433
25908
43220
80036
75380
85501
69098
13382
80039
83647
31835
66792
11638
31542
29057
40993
11175
5029
10372
80418
91464
90628
28541
51314
92626
69909
74669
6065
12411
41023
4858
10981
25727
96829
11360
28507
92573
85185
60463
58145
38943
59027
74259
55511
69413
77253
95857
37779
67717
89795
20208
95113
78254
7151
97130
4205
53274
34203
75301
36089
39401
86385
15267
3830
48283
29788
59406
83488
15528
57789
61212
89575
77257
69923
47958
16243
4756
29516
15142
92061
13647
92430
91747
60166
46122
31283
14333
92613
86946
20061
15321
26899
4546
54944
97659
9872
96572
7700
89271
94409
68609
98536
89765
18368
86289
77139
67560
70750
85106
69645
33692
34698
54675
95855
79221
86686
23592
43554
6261
12195
16812
425
87039
47581
87249
36431
34793
69009
66173
1413
10588
5268
81384
66618
71055
79723
79374
32768
63167
51100
77813
48416
62081
94028
26526
90029
56883
79072
36343
68001
38820
87307
83030
25040
76185
72937
39418
40211
34753
57899
96285
16040
79751
91911
4005
43356
32912
27696
89951
54647
91360
6876
63353
70178
87826
56481
54335
62093
60181
76575
97452
38484
17601
17129
68264
26684
46118
67245
49640
65469
85577
58405
38984
64213
13387
88370
49805
35477
13132
55114
60887
37847
69382
4528
44812
76780
55896
58254
28934
65743
10706
256
67312
39501
76502
555
95167
98112
70583
52815
58927
44640
59493
24436
97799
13822
78899
92073
64042
48714
15905
26471
59447
44764
29963
11033
6033
19612
48980
26775
41531
6685
85925
42748
17626
29281
59434
21373
75701
96242
76947
13630
14089
95052
87494
18606
29887
92744
25487
23814
68027
81310
48276
53278
95676
4414
13338
19176
39867
39886
33999
16076
87727
98925
52595
1982
54420
49036
21390
48383
37342
52237
71749
83243
33289
28295
64574
13908
77878
39961
58433
42664
81928
10375
98773
56253
13394
53735
67834
75262
1967
84110
39706
44941
79311
4219
59490
76184
89209
18079
17065
23666
36179
56973
64564
54858
26165
7313
47282
43620
10433
65247
2075
10192
61337
68980
35843
58833
35851
51188
33620
81545
51143
96275
608
91968
95103
17230
74084
37579
71955
84645
96938
41671
93593
6452
41878
32250
47443
15148
93706
6795
49200
29750
5366
26397
44085
73734
50415
74021
77658
52826
11936
2669
21135
80668
96836
51721
38691
12558
25564
55017
23914
85937
21277
24139
89646
32513
13761
14290
87355
17375
99269
70798
77587
22726
59917
55224
65308
63576
26143
1552
41637
91225
76386
70638
17011
59170
50607
28291
56335
69879
89877
900
30168
26902
74590
63468
6749
72634
64349
84182
80233
10814
95673
73689
81683
37271
84998
55589
29
95459
25492
51394
96999
75149
55165
27569
45626
19406
94153
1193
54980
40088
21350
19258
84155
97103
86140
32097
24054
68311
25446
28770
92882
18144
46953
2520
95613
6207
46157
80844
72498
82026
10076
62879
83219
65218
66605
96503
97825
89837
51817
99229
60496
82572
27009
42376
51494
18518
32354
83348
43625
70388
71700
40761
17075
52043
63980
7049
99094
69604
13112
4462
72750
77479
69293
76004
26213
69120
28724
43966
58030
36249
91006
75529
4278
2418
39730
10536
49903
3418
94243
85234
4272
65271
25536
44643
61808
40427
33252
57999
56134
92738
34919
83404
18739
64278
67895
4289
63108
91353
99634
49024
25499
54511
63837
85410
50614
58307
86371
20783
29366
42337
94895
1238
56473
26453
68620
47591
76467
69858
67473
32577
980
9987
80730
19642
22453
9625
5712
55587
20604
70075
55372
36395
69230
96084
23807
83793
54661
33876
12732
55726
29588
58291
14043
21379
78597
78754
88545
64045
58542
39704
25554
58534
35015
89204
6465
77526
86718
24636
45566
49620
75599
54687
78042
74238
43512
69231
29295
23967
83988
97409
65000
39784
85114
43774
7463
44873
81059
35742
7660
10062
37221
73995
49176
42452
1362
7211
85670
34803
56963
23157
4542
7032
29084
86300
74726
27365
2609
71318
65267
28027
17525
86278
85792
28952
8713
80073
53878
72212
95123
71153
35454
1008
54139
25264
59982
847
22504
29165
15901
62855
98048
18657
82156
47850
42136
92374
60746
95990
5404
24307
32718
17755
88141
72170
85232
48746
11949
39143
55828
90496
99398
68242
16331
11464
90622
29191
17549
61838
8039
94653
4995
44139
58764
98768
33070
50791
35155
93743
73639
81412
86891
93659
77244
41706
25199
38057
54907
34219
15819
43736
78639
58655
512
39936
24003
7319
12268
50424
25912
21965
86393
81527
16725
4416
13309
89497
89682
10384
29970
54984
50938
32275
99167
80941
57458
33392
89606
21083
33151
73338
43172
67005
62920
17739
80385
88215
56422
45014
50410
68186
81857
42986
30928
59067
24142
32402
63811
67145
55216
2952
94836
27915
81765
68309
30672
60627
25911
31303
15927
48274
55719
28077
26377
71218
77790
12612
3397
43897
63197
23985
96143
83944
39318
10196
57634
94659
18840
61336
17660
75907
8996
53329
51327
59296
25017
83200
38722
31748
91573
50391
53190
40904
14369
19062
25378
77905
58771
12249
11992
82345
95358
49025
39863
67723
16430
73432
88590
90797
90272
18625
46074
56971
1599
12576
93913
40075
95349
93088
44558
45365
11604
28253
52107
92773
84169
43814
70170
77983
32181
27448
40882
33895
40386
26678
83679
2226
41595
89023
14824
49759
52293
39682
29009
92045
83673
3466
26274
95649
64530
26219
94934
16752
69115
40098
98309
34372
49012
86362
42002
84252
49316
20906
57419
11181
9240
94874
17407
74139
8765
75567
82917
58952
57638
58013
58025
65940
24348
71617
57586
16064
50242
74481
27341
79442
72339
67629
91086
78278
90405
77035
32973
13117
81614
27249
21820
20708
13365
69029
9459
34989
91204
26731
59542
31068
38334
23857
57051
83778
31932
47277
19887
78002
99704
307
8544
83051
3877
52236
57543
36455
64444
64864
15008
32083
30306
98446
75699
5348
80856
66226
94149
92651
19002
2475
18900
21383
49668
47958
35096
5509
21166
44420
88108
10583
29147
4762
29991
50510
41309
91034
62924
309
98749
53043
59592
12801
75102
97603
31196
15122
5909
11374
13506
66909
48346
29243
69136
49945
43731
23582
9897
29621
7083
53872
94953
75545
52742
87275
52004
87064
2940
53904
10268
59838
25230
37528
1219
50653
63488
53367
10034
1572
58191
21346
60908
49845
37787
26788
11858
89042
77293
63675
66132
37659
9549
80567
55571
53225
8812
77302
79252
68563
765
74960
89187
40696
5420
44268
67944
76962
29814
42484
38790
71314
70653
91475
37743
83501
36175
22175
65350
34442
44124
46531
59730
91035
1633
40296
11402
77610
77960
88494
26117
38613
35742
10294
65177
37317
58054
20819
28567
5510
68044
96058
71960
83234
59827
72192
69764
25487
13169
3998
43320
14573
50844
53072
77972
20843
80671
77868
23028
5541
87099
86318
83738
78550
85362
78266
635
64528
70945
29548
51556
77272
80500
49345
42130
9547
30776
34527
42540
99676
25341
64279
58998
24829
23001
42534
65175
41388
12778
8506
50100
65283
40215
7605
37995
45188
35807
30184
12464
38478
97252
994
78900
5931
5773
54485
83768
8678
65776
49162
86328
99809
50938
93133
25565
85977
72098
59478
26228
77789
2653
25831
77327
24721
27381
6550
95673
68075
60427
1923
30605
39929
97099
19316
35731
49243
18083
79369
95762
13851
59563
17020
32140
65836
59187
72601
9753
93697
28863
45580
54847
53123
89180
79459
45124
67324
16290
8277
16322
66700
19067
8731
91521
86314
5234
7162
12643
99168
26158
62531
51021
85237
31194
2166
13077
22362
12735
6278
53411
79813
87026
22312
90058
71069
4851
95984
57516
4713
78637
89120
36638
54726
51577
42669
65048
28639
27514
65394
33466
94684
87560
50611
76926
49660
65181
73694
10054
58658
88657
9836
35214
28562
89803
15549
64378
10495
35990
11930
83970
13772
17874
8862
90929
26755
20926
53265
70929
16268
10036
21150
91774
42517
82734
80395
35975
73921
4949
88424
16492
91242
4210
91895
12803
81236
56729
3406
55410
51937
59892
87478
30316
61560
43873
79336
82769
15155
39336
14971
37905
80105
44071
17197
23527
80184
96
91438
40808
71142
2999
28221
74246
2124
40014
71615
59737
28309
24564
36859
38345
74803
812
70243
69644
55501
53493
70639
74279
98653
25976
48296
70019
91278
57706
38248
81783
16842
30564
72665
46033
44116
73652
6771
90892
39556
88654
37388
12479
92608
60249
73613
20496
58268
5897
85889
49896
79564
39170
18378
87214
13201
27390
14500
29323
48382
29252
64729
9177
6623
11628
50971
8684
44672
24276
49100
57117
87041
88379
56299
12800
23449
63126
61951
4044
6318
83880
43485
32953
49512
57900
59079
16895
52347
3091
50420
33940
82823
36551
17942
55793
78122
83273
7231
74946
51488
41380
18559
84186
675
60095
66758
95844
89702
10448
35040
42446
47025
30931
58790
76471
41448
78675
78987
53368
64818
91987
73268
41227
54254
40701
50859
70499
39378
62432
25360
39914
41151
84812
54840
8059
58285
140
19175
84105
37433
93823
32061
29567
54072
37942
85083
3810
86069
20771
3065
20959
65285
70900
40057
55018
28505
33906
95005
84122
74720
91699
9292
42768
75814
96352
4613
59318
87175
93813
16467
40295
68361
82349
71773
5915
84597
57193
57429
17386
20969
88146
46571
88715
8565
91983
9228
51450
35748
49757
26552
67983
10309
55747
1414
84639
2465
10050
78710
55677
28613
59608
17797
57641
28954
87972
63055
52835
55239
81016
68870
93589
26355
87675
73735
34560
1157
24582
66777
30128
38119
26476
45789
94749
17587
48183
8831
12274
53372
16928
82385
92412
32276
55635
50542
27031
34941
37820
84095
55923
57159
70220
64011
42440
12612
48656
3996
47085
84932
64168
55004
26580
20215
58646
74288
59126
85965
66268
63863
22665
61665
14187
78984
28502
2310
57019
67798
23574
92822
96159
21557
79558
4099
64850
94166
79096
99407
84435
37836
54294
69184
84630
4675
99812
97409
30977
85368
81833
24074
29606
41275
91655
61515
25823
88784
83806
83163
7342
71461
75603
19136
55848
62396
92371
67682
44571
82218
35582
67544
71115
79949
74177
48835
61726
8231
22320
61810
49189
9969
62331
3497
77018
87354
89738
2792
66883
71541
6714
97139
36960
68884
25225
387
37528
357
91049
86339
61085
10177
64624
75735
66598
34060
42312
4417
11470
91696
8428
29009
9113
76145
18661
2182
36386
42061
96364
2524
48166
6218
38573
54448
98203
29617
61731
95447
84409
34798
66097
35685
31758
76174
10177
8300
98780
56678
3869
17688
88516
12666
26555
26091
14113
37663
70007
19464
17826
6345
77058
19132
73080
59303
79898
59945
42270
22433
15498
90251
23727
10044
25021
36501
36621
21705
74191
76716
63116
49845
30957
3851
82900
35275
56757
15765
95300
27291
73594
4856
96068
52704
95184
57711
11446
97134
56131
79174
8245
5977
40128
18079
40184
23548
21462
68920
59659
81572
55736
11769
77912
35088
81021
23847
93253
66276
64500
51442
91278
23014
7525
52127
4016
3051
4146
84694
92176
6153
37033
30093
12255
25681
55519
64726
1067
43110
87034
26080
16788
1610
23399
73418
31650
76698
31150
15364
37381
77119
71300
27079
27235
62136
8388
50914
53517
13646
2758
17416
34256
960
29907
10510
77837
16491
4412
40575
65839
72562
72216
52350
47908
83143
77795
35399
86107
94679
69875
25460
95559
62107
70306
55611
42884
13682
87078
57050
5741
34669
74840
99570
81939
48189
91439
40830
83444
1736
74548
82045
73470
23371
88822
22540
59126
60733
86148
78708
66553
78824
41598
25259
72480
3545
48659
90366
61421
16580
67537
44345
58963
43862
53877
75304
886
89333
95375
98955
7945
28078
1038
66979
83237
6296
4029
45269
45378
68626
49207
55177
20666
48530
23282
90917
96859
25250
88502
72530
47756
73021
88675
27161
61441
2696
51997
36319
73042
9183
62662
49231
67490
14794
68010
71832
29692
42384
94865
78130
52916
96201
87525
61859
25684
38645
37791
29439
72031
4420
50278
45507
5091
38156
69919
78752
56408
11848
48525
86733
92562
8741
4020
69495
43156
35351
33738
67821
73383
23418
88830
62799
47787
11555
82356
3398
32766
46628
93191
96429
14691
97147
39645
94995
56527
32674
47913
59705
18878
7492
10498
45564
3491
13439
59677
98519
86328
32946
57684
57519
1164
20853
21208
14461
42976
33390
18008
98244
32598
54389
33394
62534
41713
43451
79414
59475
83673
14887
23037
47810
93837
63690
98981
76725
19779
7665
1161
98007
58601
4140
83244
77078
80606
35897
69713
89573
38223
42459
716
17604
10927
32635
24201
80186
16138
15334
63952
34301
56224
35427
16280
96378
7350
95279
87467
80481
86310
71407
99785
38965
74551
22172
2301
4160
83376
25782
88461
14572
50041
71923
86422
60655
74594
26633
83246
65754
34524
32137
92421
29241
44790
96383
42065
78495
31853
8518
69996
70553
98238
69902
15282
76741
91035
74215
3781
34548
96827
46260
33824
43798
10267
34756
48813
93044
62559
49479
93369
76765
94706
77585
16496
68314
54333
26337
43233
50082
84064
72873
37954
55456
66616
99314
62523
98004
20374
1717
86192
87245
23043
67298
378
5351
43261
64997
44518
42391
72136
77645
94368
16451
24257
16879
33549
75708
42959
61102
69692
90723
55496
41975
80985
71388
28002
38265
95034
80890
51449
2660
75530
26177
34637
95168
89347
4243
55601
29941
40883
89221
31372
85831
53749
64519
36060
82825
88475
78451
68708
80971
79194
10592
32058
79559
31467
49824
12249
36559
44169
13567
13525
21913
86693
18470
2171
5065
86485
33385
23897
83312
93160
84639
54828
37549
7
58266
54300
17834
62897
12545
99205
65232
96854
62815
98013
70208
48288
71740
58765
95893
1053
18584
55564
25688
21319
81363
50502
53200
95356
70320
50589
46385
96027
11442
9300
57914
15155
96467
33135
28445
28842
32328
86469
75027
8322
34592
86688
98159
47189
22962
83095
6703
53408
94943
52042
82448
13090
65625
70082
929
55761
36702
93673
73591
55356
7343
87735
59928
3011
22518
94266
515
67352
42234
27883
46864
7173
26805
53843
92294
51345
91615
68721
76328
76631
82485
30087
20141
13273
18098
78476
87631
61252
37591
77335
56457
98570
76167
69465
15592
56190
68840
16288
61928
18846
74190
12168
68023
42175
63985
48019
41716
14885
33149
17655
78231
15926
89710
49728
38068
62188
86222
90988
38638
68493
67049
79158
84191
12609
42603
68203
48100
78026
93479
91419
49731
53835
89637
60018
78551
73707
8097
59301
63133
3019
4785
3582
63644
25885
87628
12242
15749
57217
74823
6160
29470
21672
52205
39648
28606
75350
73841
11275
18926
17389
97677
90313
38421
56080
11606
59686
80010
64853
48781
87385
88395
76575
70114
22420
95084
9899
30865
4899
69842
16086
62679
15293
36054
3115
56021
92787
31599
58395
87851
24290
5238
45144
16420
13663
63441
37704
67992
16845
32292
23953
68859
58342
39412
78804
46836
57663
38952
2893
69971
93383
1922
52026
48285
44390
56986
2382
84293
7646
75668
15221
80138
64753
67603
83656
6274
26522
91486
31319
89085
23293
86410
74728
4886
51525
48189
23405
39896
4061
21723
44610
91779
40446
82976
10798
91902
88635
76526
99895
56827
21246
69952
21520
74859
48770
70107
67912
9765
87584
43604
18005
32596
56467
42401
30864
67092
94119
37854
99099
38523
30182
67944
79305
48129
90738
96345
6139
65131
18224
76907
74876
96170
24767
71525
54762
52210
67140
19868
69832
73316
68501
50992
98024
25962
61506
41005
3604
20505
86412
42467
93370
77581
8746
21708
98104
41733
59557
35313
18837
96956
35890
71171
42508
68496
44416
52434
3416
42317
9757
73220
62417
55696
88108
95052
10976
16128
8961
62472
11890
18307
80787
3124
93760
41611
84049
74207
1935
41409
54589
81151
47751
47544
70800
96242
7461
34220
36293
92742
70842
73523
27411
83089
35607
28676
29787
58172
76913
79915
77928
89389
56192
29036
72031
206
1773
87246
64331
21167
69823
85124
71064
92393
70565
54820
41648
4496
2393
57134
58135
17260
9198
16183
69287
52312
36266
8325
32933
51746
40691
59161
40049
73129
15409
89689
32664
52402
70745
47171
92738
28678
63600
89255
13806
43959
57121
97633
36125
881
17332
69991
97892
25746
73175
27943
16736
47455
73056
36669
17532
56332
37647
2358
16374
64459
50660
69966
14072
20421
57178
30678
98409
38013
22521
76824
21354
3579
16943
79114
44626
53235
90735
33897
20621
78106
47957
75043
68912
19697
78122
43762
64128
89923
15649
99527
93505
10597
83300
17696
51675
71437
95632
61346
79140
57511
93842
66956
85809
63569
27080
51517
90618
55406
66671
38404
48050
69070
26637
83700
47540
20757
6140
50987
51338
30162
46750
1341
95941
31977
22609
51066
81941
24812
78494
91074
47661
46134
24321
40784
9332
97477
62960
8339
28375
82145
84496
65151
37526
29123
19557
16141
76038
38685
79094
83415
26446
78236
60695
98134
98786
10671
78626
66983
78186
42956
22523
90024
70186
77173
2137
2229
37272
85263
44106
9774
45147
44001
88388
74082
48083
92712
62537
780
41890
39283
64174
14993
83590
41722
33173
75692
36921
44166
51822
34199
36811
87847
53323
59246
16330
49995
26433
56363
33499
57575
98449
94366
73495
31077
45845
63842
67235
7955
19983
69194
45148
24610
82084
88086
55372
80891
89878
87173
4805
3112
87462
66140
33452
53502
90987
5024
17389
22555
22348
78379
64520
38555
82025
84612
70331
84227
70245
79885
81165
89007
44322
33756
64056
70508
24753
49245
40866
52431
36513
92874
83009
20262
97946
8771
99581
38066
42246
54851
22208
50526
21806
33648
35535
63802
27423
59231
42536
31646
38538
41819
25155
55714
42466
1353
93152
18901
75175
86821
83037
2509
80657
64716
88966
91248
57120
42222
13302
18196
37882
87758
49930
70677
5962
94192
77775
63657
35830
74250
11531
15453
36096
79245
2600
15357
92341
71701
60597
3649
50713
85132
56099
95292
77444
11096
16507
25323
25085
81655
30042
34204
7005
62481
86316
11673
5567
2854
37086
5244
86278
72453
2861
18502
69410
99320
78566
98298
28787
90830
20448
15193
91401
627
96127
84952
91584
10436
66984
72173
54907
44313
5848
28463
7608
81225
44616
52346
25520
5883
8209
92188
558
60299
78885
22067
94936
75410
54330
99920
2581
54898
96466
30053
72548
6027
99704
29850
22963
89579
67072
26793
91135
90681
65278
51211
98127
20365
7856
46393
92933
58218
36862
78420
68006
57641
71788
11886
88712
5023
66386
67658
76213
69449
56623
58061
71549
23326
1031
68764
97317
58871
28345
55073
79473
10679
53648
41497
65275
65927
44341
71694
72153
90540
53497
26953
15472
43986
33218
52431
49636
68834
86349
99066
5200
4106
10474
79670
88885
99211
60352
8892
21271
43079
40335
29233
56592
38914
86694
56805
70367
30625
3928
89568
93401
7281
6872
31107
80532
91148
45895
6604
85150
96607
61027
43578
64960
44313
22277
56891
79645
82537
87942
78879
81663
60399
69034
99779
88205
22634
7818
38239
21414
99865
51321
42332
64772
88969
13785
7965
26627
90984
53224
2721
5872
97420
6230
95270
35498
12311
95906
49948
48021
49902
58148
85012
7090
83206
56052
98440
83435
70193
97559
82306
77970
57891
88441
7312
34804
51525
97663
12847
75127
89275
87811
13448
63751
59605
10178
15482
82167
95225
35420
15948
82263
31295
67804
78210
6620
74287
11909
5954
59556
7249
63056
37254
88043
14996
89323
95731
88489
40956
81585
47793
86609
54403
70638
32092
28865
99272
67606
63048
74732
9339
86247
11571
74128
5996
65935
30347
19757
82249
50073
70276
55546
77987
76465
80878
55006
17472
41308
60116
60241
64392
94935
24539
86437
24902
36470
17025
61698
2370
83737
69529
71398
83622
62852
36843
58573
34570
81592
66645
71690
2208
48433
68350
96551
61071
23299
70119
26013
6533
21320
80875
17326
46255
80319
43907
35885
40462
35978
1137
93277
26538
38925
63437
25697
18952
85072
50367
69890
49702
44313
77926
97330
92308
32755
98411
69098
41759
88869
78303
91340
54302
78065
21295
58941
99286
20884
13160
87428
53929
31047
53952
30715
81999
10285
85238
60208
72106
45306
76692
40087
38845
67147
47766
92526
46030
6449
86601
26722
11660
90457
54363
78151
17295
58029
18924
97779
62483
72763
93471
95637
66191
64623
53412
99502
50810
82222
98200
11957
24363
95541
6471
28555
47502
37532
21190
29209
72631
67220
13471
34317
29374
31923
81191
83826
7015
81049
10802
29302
38904
6363
20438
92986
79528
20217
38732
84426
83154
16671
34834
46331
32275
90535
58252
14952
97054
57661
24664
33880
52584
15964
17853
83545
27531
53294
99934
1641
22745
74921
73470
39604
44264
22426
14098
8773
6898
16704
80705
45674
63096
22049
49765
98424
79915
10464
59267
1463
51704
40056
77851
30416
22527
31853
40556
69653
13885
30170
67422
8058
46
8093
92983
4334
30423
41385
79360
32611
76103
34376
97933
78476
38191
90712
86777
3742
34419
10386
48142
88311
41724
21888
25035
11720
13269
41741
59720
7645
17921
99221
69889
41862
39875
46731
82910
69735
72958
59633
64015
44129
47583
10609
18323
81024
41066
17490
67791
48441
42427
8070
27084
21980
95422
29867
48104
54903
19348
1690
60780
77568
44564
21795
35233
99744
75042
5520
22677
89059
94607
90469
56188
65988
401
4499
37352
35341
54502
83641
25161
91324
5324
87393
30675
68402
96811
182
27584
76033
3045
84713
33493
40924
29341
33998
56484
29957
70991
18947
82686
63011
59751
90803
568
97291
53379
95200
21474
24542
92748
61906
51823
40806
13806
35542
87371
19026
27469
89835
11501
89200
39453
50769
20540
37452
29809
49795
11061
85329
17
82494
41643
6452
57470
65036
94901
86929
48226
47695
89561
44785
94241
35623
65553
60093
95156
874
21302
65498
99431
71695
67726
38789
97529
88250
78021
28709
16724
1304
33379
98832
58874
59697
56357
26814
49479
64515
45799
89163
38387
33960
12051
72621
20124
18040
99085
22821
21814
18914
34684
64894
9306
69151
34120
36814
66090
7280
50697
1733
93491
24632
17468
58978
68474
13489
4311
22430
18993
8700
37190
37944
84388
34429
33097
65305
79222
46721
95256
52777
23469
63486
55916
19306
65159
96286
7940
70565
68875
14837
80381
50163
67541
3222
72057
71444
22186
67298
26883
35583
43238
34627
64859
61330
40004
11566
93215
35699
12771
51157
38592
42326
84129
95826
2430
80947
89399
70599
2830
2470
56057
56563
30857
43577
69514
12601
42302
37349
59458
98378
67101
12170
43800
84690
28342
16118
36562
9783
89186
29217
58385
81978
34333
5204
9696
18157
52770
865
74624
93940
58679
65831
45128
8067
25276
58235
10516
70130
37855
23623
64195
82528
65090
26951
65412
44934
15144
89723
41012
46758
76105
12553
54610
57695
33314
70169
56986
88920
43073
51796
25523
65449
29365
68282
88312
29425
61058
35870
69945
22773
87459
57738
21568
87466
83546
92784
40861
57541
12521
26771
39232
2589
86232
67022
96785
89381
5576
5981
80929
52246
63807
72783
66044
9828
60129
45429
74097
9503
55413
77520
43321
72699
14218
98524
23305
1430
20618
89293
17615
67776
50478
50952
46537
72864
50988
10265
2448
68939
17254
68270
15460
77358
92764
7980
47089
63230
6405
61845
88553
42012
2854
12821
9780
77793
96395
22816
16975
20342
17689
40760
93398
22567
33236
43568
78717
37162
90549
47453
5369
33807
74138
26824
28879
39857
2158
60706
94590
18933
69678
70500
70989
20638
1456
29273
88644
72951
3158
53433
46972
59009
3178
41581
74919
62693
65390
86221
31723
7195
82013
64295
26659
85104
55364
70749
67971
15539
28451
25250
74515
18586
62413
97447
60339
2248
7532
65033
33240
83643
62281
44716
37973
28311
39969
45788
13964
97358
94055
69655
8617
66666
92672
3191
28326
78866
15829
21611
70413
37227
53494
34655
21269
2015
32065
10181
66243
56536
59858
97436
20984
96522
57386
6445
74460
42733
11843
18786
14786
42193
66494
86703
20367
60509
6544
64499
46902
47220
45931
69157
79478
99096
4509
55442
22322
42529
82623
26198
44158
20871
44325
34283
52381
81476
17876
92349
16193
38882
83338
17652
90785
59182
64468
99534
66671
46815
36417
65376
33120
53513
20520
3138
88755
5318
65419
33892
56579
3158
34948
95406
63079
72832
54671
61331
14334
80632
33192
95441
57573
57877
86825
58331
93436
31330
56465
42110
41826
68667
16790
63312
99071
50009
50341
22656
82254
74473
37017
38136
96326
3541
46738
89271
4705
33753
18178
53465
80474
52736
17889
82202
91664
89412
87078
13146
57061
53479
84057
54467
64431
86020
24247
20961
43060
42582
1947
65
98295
90795
12536
68839
87578
57336
94090
20579
29742
41571
45437
4371
90921
74459
56041
94568
96060
20511
32119
29554
2631
80888
47578
27082
83730
89103
30591
81978
27144
97228
72498
61203
41389
67507
95600
78667
38136
62852
47131
40204
71271
90017
86899
41059
56687
18199
20595
99776
75718
58934
5616
73858
71540
76174
75461
72941
71137
18437
16693
69251
13401
91985
17390
44531
18086
88335
65947
57829
5793
23605
30837
95300
38985
75802
66764
12436
89917
69073
37412
17733
15434
71354
76678
38740
19290
25076
93099
26471
69683
59543
70846
87905
16688
14300
77890
33466
91232
82702
51334
80540
59764
32772
94084
72756
58151
36213
42335
50576
21254
34272
38098
5273
69980
11725
87221
49930
27416
43980
61683
52044
73552
7025
82940
85640
15477
73652
41181
42803
96441
21179
32802
67483
33014
97616
28693
44576
51644
97973
37411
78143
53691
8365
24701
39158
68417
35426
36782
99218
31506
4223
57785
64750
83308
14225
94035
66902
95508
68321
15212
81860
40637
96795
79527
83739
44259
73504
9939
27664
60066
91038
62449
98302
34514
38002
92305
55510
37679
27534
8366
33292
29567
3994
81765
95135
74433
52574
92669
85670
85697
57172
15971
37367
11771
86000
40338
48045
80224
41487
50758
24461
25489
30866
3482
76446
16615
92002
66376
19490
34897
36523
51654
27958
27027
38400
4757
78432
46079
36891
74811
88127
85264
65373
83138
77329
15614
1757
93144
17995
81267
50469
69060
71827
7034
34944
68628
22213
53091
8980
38807
43690
66677
40606
34343
12322
78386
30290
46040
63532
69059
91369
65857
92918
80068
11550
12209
30954
35533
57911
98736
29982
22340
10454
27538
34251
27497
87893
89288
61817
22125
76768
72367
5896
79802
76927
82587
78582
89647
56576
74805
74361
67427
17918
8180
74343
24538
933
46663
56154
57022
86934
54334
65619
71520
57517
2661
50594
23660
26461
14693
45197
62560
91684
23587
67098
39959
2332
42081
87032
89419
54733
52368
74330
11195
70141
2743
45258
26652
56077
44488
31348
38994
43993
56656
16087
54252
56986
3817
13379
1940
41425
55594
1751
39669
22403
47867
42712
65006
89580
87476
78075
67836
78501
84233
4165
1792
94628
41929
538
90625
90103
45099
92548
23646
52038
17989
40007
71859
32921
2658
63433
60087
44082
61946
54352
5275
12291
58042
13971
43837
99917
53630
23928
62710
71482
99658
41520
33275
27999
58374
49926
55667
86771
69667
30845
44969
50824
71859
37930
93911
52890
39722
98836
82094
12806
32407
86243
82877
4566
98488
92097
14594
36636
82488
7062
84363
33146
20752
35190
3556
86552
84349
15404
21207
80523
19361
51979
3237
61554
6358
74093
68421
76192
46704
71490
6135
70472
27042
61026
14934
50089
14950
77136
27384
97206
94772
12958
91825
73718
63192
57084
8382
22096
34551
52824
58233
57006
70215
53405
48281
36350
28551
51100
76775
51203
65540
87619
2916
82870
77720
81606
35853
46695
92587
84251
12583
29105
16224
89514
40849
26736
44330
62143
43953
20163
19790
52067
49659
36704
33882
22670
58897
61302
53430
54606
25723
52773
85801
98557
58324
75971
7435
29106
75730
56533
5355
28216
31451
24288
49753
88119
78334
9536
15388
50051
66412
23644
20539
25138
32305
96777
3530
64646
50719
59012
45133
34044
71559
39662
38852
16308
17143
46379
3864
83695
59552
35413
66039
53565
46443
27500
11230
94952
41970
49039
55033
40062
91561
14336
71429
18953
96368
71932
50456
41416
37810
11422
89938
90063
26957
859
60851
17945
87867
83846
69275
34348
42619
1023
62009
94617
82027
89378
20774
22471
52214
59525
20651
53186
7118
7621
77318
64962
73290
59782
80092
46422
86251
63546
21916
18676
47226
38153
54136
54035
22741
27529
58687
52290
12560
81182
69398
57194
45125
80169
64586
46549
36485
34723
67035
80146
27123
1177
62890
82018
70256
47140
14824
77800
71325
47036
66770
48818
39019
84605
94456
28648
16957
41368
55437
73135
31413
65673
23506
93690
45520
11112
90230
86898
62934
94221
57431
4738
97874
79102
29415
41707
53676
44032
67514
29140
72873
14748
75890
42805
27591
19215
34925
76376
91881
47453
29640
68920
69231
49477
54627
94608
43481
30721
84963
57683
79326
34566
56561
50534
13693
42091
57111
18300
50704
1689
98446
79060
31030
54641
45219
54375
51013
18068
54038
70385
6305
80112
36560
77655
75953
13601
18480
93722
96905
51968
13570
98194
56418
10
80742
22338
54429
60488
82858
11361
36736
19405
34248
47052
28790
92913
47878
85240
6
79029
80050
18626
19016
14605
25889
2668
14470
31708
98586
5473
37084
24234
61671
27352
99427
39849
53189
38237
40193
61501
71974
39795
66108
99213
24944
88841
56909
96979
70047
12844
91309
30654
94932
42534
95352
87512
64774
94857
32338
82092
84192
59297
36398
64445
99071
67373
2887
36233
99361
45423
70548
87693
59732
60740
92716
56980
2966
59618
22178
9339
89308
88316
76475
69681
69745
75775
82891
98904
20068
56774
24385
83974
43590
84291
54513
35461
8650
53675
34947
66792
27832
29548
80221
61445
78634
16711
28644
83648
80322
56472
86461
59701
83593
3697
92102
52404
3924
31366
67440
15730
41840
20668
3891
36185
40629
21493
24064
15904
3363
64020
74152
49661
27633
65143
36239
1978
79029
5633
3504
23853
37394
95405
99046
11026
86474
77829
76945
46100
94723
81138
21064
75129
43407
85254
26530
73673
30220
84280
96433
77082
55550
98951
63301
46615
50736
6537
34328
20584
54021
43514
41691
91452
30913
52484
64579
18313
66805
43769
63418
62244
56361
59246
79427
11822
62474
94955
71087
36527
40396
7534
8479
48875
38845
19757
22396
15403
86830
84059
29292
56435
65545
851
54097
84072
59018
82880
93342
97844
18233
18867
70326
36186
39887
18764
1744
13976
49543
7918
90646
37839
87165
17360
87772
69119
69273
37534
39927
9236
15922
91638
164
42595
1374
1182
84012
29286
23656
26345
58131
61289
65354
21152
68712
12599
93521
10542
95805
94525
98086
80219
74796
43885
74039
90750
35847
54925
21233
53159
80162
59059
29814
7094
77104
67408
97792
91696
74529
85482
26932
88709
52201
22025
21013
56979
39894
62889
38228
15410
266
75347
6608
43585
95902
79165
68891
19719
5908
32505
42303
56361
4124
15684
24902
24539
35070
8179
80769
48739
78459
66524
32955
3280
30881
50420
63618
17350
57600
770
52496
15575
87391
11257
99253
63858
29452
21182
96194
9799
77864
94595
3074
18726
78892
61397
1270
12460
19386
9183
6159
34132
59692
6966
80020
66141
47627
84108
17623
89842
79522
93907
55582
12505
89341
83058
73558
80481
14444
69641
53617
47050
54402
30142
20504
81637
90859
51113
67869
79423
41804
48849
13410
64282
50162
51849
93986
50127
25696
49716
96578
32028
42660
74790
69919
94518
74301
13862
51739
28366
80206
79907
90018
94465
89456
82556
47217
18318
64186
69562
41904
32541
93399
55111
9015
60287
45970
11802
2023
30819
67969
49302
71406
3996
52901
14670
87904
28266
49205
10951
2562
80116
71095
84114
83659
7805
85468
9126
18061
48751
33631
85031
39951
24859
78742
54970
21296
7334
86834
736
98211
98629
68439
74597
79321
12911
6817
56907
29320
38646
39781
12880
89891
25683
22820
71785
68847
72037
88764
34069
51451
3734
23334
69794
61409
40133
69109
87310
54584
71136
85453
48482
47604
71960
49544
24372
73656
56266
86633
43651
47192
5983
93824
21541
70964
29753
12434
42962
1452
12232
39168
27290
90409
13133
93512
29786
87032
3167
20272
43513
10516
75908
57191
26771
14049
98692
75341
27047
21959
20791
68088
39980
55842
30682
76642
74097
92737
4744
49545
70716
59791
53814
10963
25521
40375
17304
12173
4499
31046
14913
24093
33571
86805
24369
4174
86810
41371
2378
84204
18628
38066
54257
48708
24146
91317
78699
24172
43924
76876
41064
63179
47131
86902
1196
88122
49610
77896
87814
74552
93393
26314
73543
65697
36829
40484
34285
26
97931
40777
57473
39782
73629
61487
19694
5809
59907
40015
21007
73655
50937
17469
24864
93930
94811
72531
7882
38230
24619
88934
68003
12759
41543
27159
66102
90241
13100
58983
60108
57542
20072
44355
47039
60861
21424
45270
21549
45588
72879
40810
97523
52203
50419
76164
74126
62142
95366
95126
85274
47255
75994
69908
10717
47692
65402
66267
35173
54630
88994
39508
72969
58410
93718
93078
16947
15067
16009
17137
89786
76800
58573
49250
2655
4716
97455
59237
82954
46022
62103
71003
1787
71340
56522
14192
5100
76544
88140
69402
98264
15118
94876
72690
20214
14314
30776
91236
95042
33142
19607
75864
87978
34714
86287
70680
18238
92691
26457
20041
38421
58974
70805
84954
40323
34123
97781
20092
8755
39761
65155
8629
36032
47021
2550
97864
41896
90799
69290
91861
43811
9319
62293
26470
63074
38834
58961
92108
50059
62988
5116
11326
28134
7348
3926
96115
48985
78028
53487
33246
66804
91575
65721
6577
65350
33291
63818
1292
22929
85440
75422
22173
11490
73914
79568
60579
72333
86324
8456
53459
52231
25878
78970
26829
48753
30617
87238
38587
63686
62018
47253
2616
71260
20824
1089
61788
53284
34749
15434
36260
83956
60204
36461
87335
88490
13950
36673
13553
40271
85130
68099
71650
91220
20227
30685
40430
39675
46356
27578
29239
36169
597
20981
53388
56388
43485
81437
67227
64704
15930
74712
56750
80994
48700
96921
77008
99542
31744
53000
11032
95136
16889
73266
90615
45958
73247
62921
24178
90479
47575
52512
27625
31135
30189
45674
94037
89245
24626
88960
38141
89262
23300
6476
24136
64512
15869
51947
66292
3714
79302
41622
8628
49688
82808
50437
14195
37897
62748
19329
1366
10747
57524
46260
76901
68031
71371
99153
43762
45139
47000
85046
77744
95295
83692
86572
16027
67467
49724
48528
53099
26607
45416
63913
89898
33896
21199
32641
67882
23510
66790
92852
3065
79499
68974
92399
48323
32289
93670
15222
60073
83266
55730
41099
42428
242
84015
9033
73244
99021
65107
79809
62485
49965
61981
15846
53307
6844
22636
18820
47547
81065
28907
83225
91388
57900
68582
79965
85905
55164
71711
34843
24268
3905
24513
72137
76491
29303
39737
2633
39540
55799
61772
62131
75515
16737
14835
35112
86760
16991
75319
66183
81481
26984
35910
38590
46277
28093
22049
53433
4573
15003
33184
71031
77948
73999
95409
84533
65384
74206
96440
83813
64638
26164
75739
68882
89413
66709
75946
69288
7380
87361
74445
40636
53386
91629
13106
8501
65455
57233
75222
14764
57812
44106
88446
19548
7827
36352
79921
71667
15913
68365
61354
2218
48010
59492
52703
98864
79907
45206
81999
5447
74588
95034
12113
2676
52282
57475
87889
52409
85810
55656
48945
40813
31967
85538
29778
11669
69350
55712
38242
41097
88208
99743
27359
93340
78712
28192
10504
40966
23499
68909
42040
601
76245
21620
7671
61158
92998
50099
46930
29027
17007
33563
85838
64757
53460
70003
94759
45352
75447
15418
7478
15114
79973
8978
25489
32964
90444
90348
69885
33473
21730
36814
73697
61219
46934
91690
78351
74950
55690
81612
16061
11633
27777
9776
53571
60565
40322
78139
65504
84598
61610
83776
68654
45208
48580
14218
30169
10355
21610
63285
37023
24898
46275
41618
98671
97084
85265
21413
12902
11697
66315
54042
30808
84054
73760
64902
31979
16884
96241
71102
11948
10965
15373
4372
50525
54553
80796
37512
25321
50051
59678
32337
34848
2996
20973
43372
80863
94267
90620
5223
90237
16748
89249
4696
93786
58616
61103
64894
8389
27074
76508
62407
80327
60665
76573
5114
74831
91931
14548
52011
72719
10493
33744
89312
7115
78556
64578
15386
64432
46527
44563
90123
6574
80187
77585
70085
10313
70847
28058
27401
32435
14502
60834
33395
54413
45401
43877
48322
6864
20435
1915
3992
60161
63832
49771
95502
93814
62863
45032
73712
16821
36058
46181
47281
15951
2225
86362
29451
92070
4516
60416
82325
67963
87737
51884
73218
8448
14965
63988
43786
25227
39381
67881
10230
10897
63903
68925
43298
33131
45211
37767
99756
52907
36402
16422
15744
28873
24226
83569
1667
66768
77917
29963
29538
32462
31814
78699
55910
59442
58530
99042
32188
17226
79099
79418
96570
53839
10401
31572
25789
83925
35671
92283
18126
70342
29545
62222
37923
33305
72386
98734
9280
8469
17550
168
80112
49013
66611
41215
16642
58766
98707
53778
59859
59692
38687
71410
64790
8637
23782
96836
45285
29560
89255
22711
21539
58450
26467
6787
45891
35551
36618
80598
70696
38386
69625
38210
63229
51457
38770
84633
75019
56680
29920
45868
80446
25729
20813
24314
88240
34130
33662
65419
88025
21480
68689
16278
47483
45020
62836
78046
39699
22090
39198
40675
33178
39988
84008
67511
36121
77345
51155
77929
19320
45466
34944
27278
79527
13582
28636
51188
97755
71729
6420
78054
96401
95877
16993
69162
24639
97840
62387
91682
30491
76463
63282
16915
70657
71989
50654
81156
29860
44555
24935
77382
27347
45912
11765
82651
92439
29747
11761
18992
7388
38699
7812
22940
64101
63005
56547
58964
93750
7460
19717
12867
19653
52979
39088
69469
10511
13235
45985
14550
59633
69033
98083
50262
71899
79659
70444
11777
18737
44669
14533
40722
88773
3282
90267
3766
99980
27612
15233
43990
54380
60550
55466
50264
44411
4714
49750
8318
27909
11562
47267
5805
20983
8961
60324
10691
86204
27387
73810
87372
13179
50628
54705
56549
49465
85459
12324
3822
61655
37497
31329
50408
19581
71547
85721
12057
71824
54935
89932
71761
23770
93076
63538
91002
9171
71411
39234
3087
94271
26718
16426
86035
80200
73938
24793
56008
98471
37071
57745
53816
11919
49830
26346
40387
87368
64433
68224
29135
33238
43991
67851
19647
3406
67905
67408
35754
25838
67580
90673
73848
76046
9946
18943
43027
85624
95410
43478
73527
25940
85619
24153
30627
17148
86965
22413
77986
47150
38769
48290
57564
59872
73097
99105
3490
80210
91443
36140
1042
12809
24600
18708
11762
1745
38521
8380
79495
72407
24177
87341
12031
60436
43771
45778
88508
49165
52252
14824
71705
37187
21170
64960
98086
73949
51526
48736
75249
22575
90017
15154
21069
87477
43107
932
88032
62158
27753
11383
67369
25689
35378
51629
3733
57595
69005
40374
48571
91002
8206
92534
34603
98473
43208
88327
96302
53482
47891
56174
75342
72572
26424
19808
57910
71120
73918
93279
4726
63794
66911
17821
93485
58827
4853
60121
71307
88085
79660
66087
91031
25091
1680
33439
38348
80274
41868
41890
21908
99591
44465
26237
24645
58032
21069
58808
22538
1094
73589
80396
76637
99664
34363
20671
57805
22165
84762
54045
3776
96042
2190
25474
46340
92676
69502
33146
99173
27741
68156
14286
54336
62387
6321
67162
34081
6611
57386
1193
1084
4583
76447
4878
47997
20067
34872
46889
81903
19131
671
30513
50838
11145
60500
24312
10717
2774
5988
87546
30641
20385
30527
25058
24671
38646
54081
14290
38815
88815
15714
99444
32658
39494
59919
21496
92622
29626
89248
67218
71422
70735
54612
82655
57123
38135
34794
25392
80086
99787
7263
26646
48943
13542
57488
45724
81839
22743
60339
68483
44500
66520
7544
49885
56562
44999
62262
10561
52852
83717
4515
60755
8190
31463
69666
5713
10413
4214
54588
26077
77440
21735
68410
65229
24212
60362
82919
64120
50611
28531
39431
84065
34628
8651
79641
61519
78950
49688
91771
4322
47587
52547
19238
89217
32153
11290
78043
18697
18566
19323
70294
10879
29031
87585
62289
62082
83811
90727
12193
29358
66193
22644
42744
19681
23201
94568
24894
30133
12255
73406
61034
75815
94886
60929
78117
43423
49711
46321
98296
23570
39981
51355
14244
83558
352
96263
93866
34223
49034
28963
43545
75025
2596
50054
7065
17929
90527
69386
40944
46498
25264
99309
66779
14586
75379
43481
31993
31285
15133
66158
11815
16399
59728
40140
46867
59845
19098
2011
10480
68607
75758
85490
90144
30324
3603
36829
39540
3127
74366
18820
17075
91311
4595
56557
61814
87530
83545
34639
15656
62209
36761
76600
64155
978
63559
83152
79469
32179
78283
82575
21542
54894
15936
12403
97989
28370
55037
12068
57795
45129
3094
12827
15187
75255
22931
76357
24067
74803
29321
11686
90220
38175
1636
47205
94675
70508
17624
45589
43552
51595
73766
93032
44087
78571
51180
78646
25483
70384
84027
12822
85783
2078
81862
53472
32553
73320
52891
24646
70282
84799
92086
92625
94157
37392
38293
36258
76944
91334
39211
80563
47169
31099
43179
53279
42358
51529
2121
18685
78664
14502
97004
25728
10367
38148
26705
4191
62424
20494
15447
37461
99021
66887
26525
69513
51377
33801
26899
66576
94475
8658
92807
14917
99953
79530
97897
7746
31882
42662
70401
18029
16840
92628
99362
49165
62677
74624
98094
57987
74124
63308
37899
51882
58542
85925
801
25626
13702
20207
13092
59451
73658
49172
43865
35713
73362
872
11867
80635
25083
93612
77595
45985
31255
36643
20289
45975
61572
85333
31398
89817
52612
78889
95924
54650
54359
941
46840
97139
91811
81007
2990
84571
31457
80240
45864
12725
81681
48328
87929
21010
92858
56199
65265
64107
20864
35616
96784
22164
30712
48066
45700
20772
14743
35906
84496
96264
77686
31805
6020
36974
84123
80434
94603
88009
66192
30343
67537
43635
45030
80988
41072
70632
74713
8284
86693
50244
11890
77436
73156
78358
27929
55076
20747
83291
42333
69241
43258
11661
47897
72013
13379
82840
83270
40458
67333
21623
15504
2049
36823
39242
17454
85179
9263
31179
51579
32600
37051
16082
39477
42433
91596
54340
93276
59936
86710
39601
55214
74394
97643
13078
93522
66869
2625
22725
20381
20474
52971
65096
85629
57062
11341
52073
99278
19152
86029
82765
28219
87075
65396
24134
53676
60706
50431
46465
26021
81501
22569
40885
24564
64389
38279
53351
71263
1902
76467
36630
1212
16920
62310
71039
85081
26831
54935
77147
78438
76324
24425
36777
13146
95846
23865
56172
99156
78170
57148
17217
13354
74469
76520
39085
83339
56808
30584
54458
30638
65966
98049
1130
75919
92046
17767
88893
29833
25
6164
3874
83084
45856
81668
49705
96411
80930
42445
3939
87835
88716
96977
38515
44529
8338
99451
65396
97556
20739
62170
22316
16104
39126
99547
49636
34029
91839
43831
70280
14892
65867
12073
98838
3715
24280
97646
54100
18884
73751
13061
85290
65442
58812
17558
49747
75389
97148
23913
45477
86259
10223
82062
37787
32606
51471
52744
44311
38939
15492
15535
22163
11716
80913
49229
19546
93516
90530
80094
1062
43363
65771
50409
14751
53425
71134
94325
78421
70227
8653
21058
76553
60723
57622
64814
35598
47257
77923
4670
84619
56574
12287
65781
47865
94533
80566
31152
73861
2279
93613
51414
40860
33126
77580
61125
25149
25358
80314
67833
41477
56113
77381
65885
16868
42534
68597
11216
95757
37297
44514
20105
31673
25969
81529
97318
8859
96576
66755
47592
78477
27733
27120
49778
65776
26745
92904
48961
36044
42022
48907
51366
14286
8635
15995
8282
76637
74107
53485
78384
49347
87488
81756
68079
93464
69016
59622
98379
85815
24184
27683
41759
5573
23780
68243
73181
77138
54520
8329
51193
28277
74672
55063
14166
37436
31700
97443
59208
45057
91586
49685
27992
55155
17964
96617
46203
44776
22216
88019
1421
85572
50326
52525
7392
50676
15992
92938
48468
13608
82663
69398
84826
73866
60802
68218
32354
37074
40183
80
56012
48354
59299
14522
89843
94661
71912
42077
48953
15956
42553
54976
16088
43646
62858
78750
54644
32371
29240
87025
76117
70596
35895
96135
54189
40180
14009
98149
13205
55400
30408
24090
83601
45990
14336
43117
72646
69495
3710
76312
63202
14534
21522
90119
66250
99596
67398
92452
77645
56001
53523
21438
14883
48408
63741
52220
50179
95341
59997
34693
90903
25941
43788
13364
51627
56062
52041
37860
39093
33839
73961
52036
46838
67772
52615
6239
70924
78773
72556
72308
57968
95011
29572
47541
18981
22560
63776
76650
96238
50220
21815
90479
86771
85078
90313
13882
24414
83929
86198
66698
72641
50482
69886
15385
5026
6217
92939
49098
17255
39192
25069
62552
10986
23550
59275
80917
97086
33448
24887
43229
38524
13205
47521
39022
90058
45352
31116
2973
44744
19321
80883
11209
12428
28383
18118
39068
22289
80371
76866
98239
50421
68625
2467
32699
54305
68322
11097
11517
99757
92396
87044
31539
70145
52648
75108
37580
76887
85077
72978
66370
36869
84111
55601
71582
68226
99284
28640
27552
10860
43007
29158
99279
46238
20573
94507
24846
42608
55961
8298
38968
59611
16072
63815
64550
77761
23899
52346
40686
28734
93658
37967
41141
86157
69020
47803
82431
45235
25225
69559
3558
42682
51262
34247
81305
28714
92849
89782
78336
46186
86663
2585
39626
78582
67272
38142
85544
54464
92046
3319
93268
47354
83071
38800
55419
22161
50743
82653
74382
64019
9566
48753
24738
12744
94666
27565
75165
26331
383
74226
50781
64503
53864
26735
82725
92996
53226
82165
96678
86599
89973
73238
24264
24404
72155
68026
61831
77858
47947
39583
20027
20384
57015
31296
58917
55131
75241
12066
42148
54368
75743
62592
25324
95711
33454
54598
15403
3836
19181
24309
46485
49641
49299
45176
45975
12841
99538
95527
10550
87539
54152
5358
33007
23179
58796
65212
98576
27220
16173
79289
99539
72590
71718
71696
91322
24051
63301
64169
24510
84844
80789
46621
42582
19813
24605
40852
34930
21985
38634
6986
13336
62415
75304
98031
33869
26457
76013
40253
80006
5865
23228
82624
60310
16046
37913
66827
12807
72385
12959
62852
55488
19818
8196
59385
26245
43562
38799
74088
74348
62049
41076
60216
65640
93914
42409
41934
35168
98587
48676
6422
10390
76309
85679
97777
20669
43060
91320
69391
45355
35346
70089
23194
79394
97207
66042
81385
92620
18487
88188
66678
75997
17439
31448
93396
34768
64982
35878
80082
4537
12545
65770
40617
13702
63119
27558
49140
17156
39785
2083
50147
95391
41322
49150
95859
45835
37479
56339
85251
22781
47547
11540
2567
29873
13743
17811
93686
12802
98046
39803
14265
63737
22176
88285
64263
35883
11952
23424
6419
90883
20248
79181
63367
12865
2841
69034
40132
89164
76080
3358
74046
32622
98335
28578
37065
21336
96621
40552
29450
29198
21974
59769
78976
54543
22157
11530
9260
87547
82940
70522
84276
84858
84559
98611
66743
41321
20637
37326
91515
39096
19506
69984
25634
56239
34825
69308
4237
13611
30074
82396
55850
45897
35120
47770
96825
67704
38062
2504
62376
11869
43248
41511
82671
25532
28791
63301
56844
18255
44931
69997
39522
25218
36404
93454
1639
44921
16474
69779
46154
38049
85603
33697
22606
58485
57816
34123
12946
21287
4368
2224
84712
42840
73776
82669
74930
33043
49938
90114
74106
53599
63750
62446
3710
78864
30972
81114
1362
93603
52246
5390
45773
50891
91129
28701
86086
49398
64638
32589
56217
1630
15630
46125
1139
56767
17375
29421
63667
87942
11297
36876
58242
24767
4723
52853
31178
54811
63734
15269
77874
45326
9757
17266
21939
69933
22955
12837
9698
73139
79000
47295
74714
92683
57367
1779
95858
84075
59316
82566
41048
41072
99098
73199
90577
580
62358
78581
61016
45726
49965
69041
80207
39364
29960
71392
69983
52370
93521
11284
86685
57855
26149
99018
40321
93873
53413
22289
42729
24902
66500
97514
40442
80163
99119
40684
85118
65094
97332
5793
11971
57213
26079
11868
64374
9564
46360
32508
57064
45387
14464
30589
56113
26571
25694
33061
24791
240
60156
83089
57790
74974
19760
78493
8521
70164
92402
68751
42901
80549
42147
25170
474
29581
69468
10206
4757
53644
13727
34083
57841
69495
5525
3934
47644
52025
92134
6982
31084
13555
38326
48111
5361
44909
15330
25932
3491
80901
46208
25155
33226
41528
55554
84499
14880
98352
78814
49954
82887
82471
22958
84765
74606
46045
94898
38656
4649
29945
95284
55844
68691
88562
65716
98870
8875
96809
35906
95830
89005
49946
63001
25434
71332
12272
50858
17131
97815
91623
58922
82916
60273
46068
36534
9059
78271
79753
51011
79911
18091
25099
25893
70548
64401
74357
62400
25936
56694
11032
83558
75409
61688
1859
64710
10846
18683
24741
90981
96851
94627
21172
29381
19865
90302
93845
89233
10811
12435
26987
18722
88273
62206
26401
82088
30296
93979
65202
31795
87554
51488
69421
9973
13264
61843
40346
41084
2159
79530
1055
14341
50271
59839
21873
27134
41450
90183
20698
42552
86981
45612
86387
9085
73925
30258
6690
1010
1242
39796
48340
19508
65356
51265
8221
57832
62659
53114
92552
26009
45943
38453
17463
86669
27181
38077
12049
12051
54948
29277
42461
16358
33088
72010
68709
49550
37657
56317
41251
27473
92268
67219
20388
54561
58360
56420
13441
4271
84190
82036
70145
55187
53190
38907
78218
32828
17280
863
438
77592
24055
41728
59475
24658
6478
3882
26628
9637
55995
40144
69540
59280
15607
38610
55347
68785
33984
11761
89393
61761
4689
98305
72469
39798
62572
42081
68721
44310
30665
71673
45219
53550
33480
89900
7556
83053
56005
8052
84559
18031
19553
14839
99164
37691
16002
21158
79239
50983
77926
62027
55792
48161
30317
16577
60396
64130
4965
23014
36715
70489
7019
20892
63632
88580
87661
20851
64088
64624
70450
4945
19299
57653
26651
21410
57637
77761
70572
3291
59843
1548
76925
12186
24426
61608
16064
24474
70482
71848
66771
17233
46380
98859
66334
41663
79079
82876
41901
85957
4936
67732
54311
37285
48315
7709
33947
6822
48012
38479
61122
2745
67518
48584
49658
63457
42179
22878
46542
37477
81657
12816
49977
74421
45076
49138
1654
58637
22229
61895
58192
18405
14332
8820
38107
26252
33924
55104
49565
21924
2372
48353
65752
28360
57638
10641
25755
62394
78743
45387
40444
61088
42959
68541
7242
39707
56233
11720
64042
31005
37106
25815
48200
5943
56778
99458
50422
58815
88229
32309
66277
5960
9047
8613
23283
12360
96880
27869
65371
12171
53176
88445
61918
61409
90512
62608
12437
93574
93980
98106
60032
57730
29504
44474
28194
70724
16300
69431
50301
5183
66619
3380
1330
1742
99636
50157
69334
74997
11602
42755
84557
84981
82782
90709
44206
14034
15558
50014
99097
49432
71035
73747
9734
77118
62453
66370
66437
75285
67456
98675
7490
50922
80939
14827
16538
18163
42475
68759
95416
21549
91573
46139
16066
25582
10830
84950
46475
81102
22556
60954
85682
33960
25927
61786
91848
19195
83969
39764
89391
89689
79693
78505
95726
43066
97466
57533
32727
72482
39135
43981
27799
34704
93256
18148
46364
56898
45735
26355
40653
41672
73586
54331
89827
69862
49001
81504
90001
14502
97472
97893
61446
48031
81730
50841
70676
62309
31831
67835
76878
4380
46038
80261
30391
17679
38551
44704
11368
17731
7791
84750
6192
95165
1097
16497
93689
41616
8201
12043
69508
91341
23982
29714
55526
28439
59810
88721
37360
65213
54441
25764
88705
23495
71458
57332
33951
21468
39578
13758
87126
16616
73338
23994
19533
96761
92871
28529
36711
94555
31505
28260
57692
25244
95885
78595
51459
22656
58962
86036
97055
3586
65155
33375
34984
45635
92227
36272
41224
90423
94295
96688
25384
7546
11588
95856
14483
41438
32634
61306
89705
35754
27380
67568
92109
92395
83545
27774
33800
9455
91264
10111
68059
40732
16814
2518
54949
26786
25580
41495
16929
61126
35913
48710
55762
32411
39448
11114
4295
69104
46666
26783
1842
37109
44550
23053
29598
11502
14756
74958
96843
20073
20340
10929
23516
94729
74911
24544
7097
85799
9628
20908
60793
95173
32025
76976
81976
64236
62764
21130
24915
29740
17757
63980
93890
23443
71225
47991
91287
28335
85738
70107
10868
44416
10448
88843
67062
36882
51380
80350
74363
85792
39816
19327
43049
87415
80048
49275
96299
49627
27275
67174
45533
13849
27833
10426
7709
52395
14953
9416
20985
41606
64157
47151
67503
38589
90382
15676
98144
92917
54067
91260
28307
8254
6594
75675
42570
63687
77829
89745
22920
53188
91095
62035
50885
19796
84755
23522
93869
16827
77236
43030
56765
13416
19731
37856
16232
72936
10321
41532
80236
87813
58439
52039
26769
74742
16199
51386
56942
6534
39880
25017
34168
18438
54575
98811
84659
51391
72291
89406
62979
22163
36764
61098
71192
20158
31175
41365
87291
54004
81534
66367
38988
51735
95044
16721
36216
62148
96977
92508
79817
8982
22079
41291
9224
67022
29210
48177
21500
60239
2648
64789
95208
19932
85371
53595
74970
15107
26301
42554
47517
53361
23654
56320
69223
10224
75587
51978
59651
33438
9353
17704
37622
91256
97823
84617
88182
4950
16484
61679
12018
27581
46192
24519
27256
95606
77934
18090
18980
32108
36383
46812
61798
42723
1102
83177
2825
52471
97035
66611
24260
5963
32142
70722
33808
98076
54685
9860
55659
58111
80517
5789
92918
48219
37710
21130
58449
39660
87010
46685
7178
85561
82586
5710
40040
27998
89438
56456
52305
61437
59953
66491
15519
72149
86853
72822
21207
80388
31759
88470
2551
62771
16545
71309
97215
69216
46524
37164
68721
88584
13428
53674
31928
53998
47761
4426
76354
73453
29813
34605
54635
54221
42404
97371
17379
69653
78569
78735
12911
36415
33627
89000
25776
86688
21661
72755
53514
9772
56398
84746
67177
93211
10376
50253
40822
91754
32484
10050
66328
86238
54981
47355
34915
25336
11709
32995
89571
93260
34113
10268
59245
10731
14797
4172
97982
63517
28857
16531
21488
876
81667
92774
62024
79614
5602
68494
71026
14810
93349
86433
96320
32622
61966
54354
28128
88367
21299
15282
47489
79615
8625
41536
62737
8780
22892
97098
45144
35879
42548
76702
96191
17378
37974
86300
15148
12298
44215
5873
75345
50192
28221
36293
64669
29379
370
9681
91124
75628
3250
30623
82802
15812
75754
77860
38353
40453
78877
21
22934
70437
45682
85769
64998
28807
97511
60679
61454
71991
2889
4092
62298
15171
63961
84105
29230
64128
13231
20809
79479
84528
64989
62330
82953
4914
58511
94228
9237
32594
56380
32091
19372
90925
65378
85810
64851
90889
54672
28204
13256
68372
58528
26742
44675
37014
17199
78235
77080
84123
55581
68601
30934
95802
75166
81589
16029
30297
31905
71078
78914
69088
6720
81109
57882
77945
91980
42148
20543
2962
81749
23886
50997
71117
77843
14056
52527
58800
22817
57251
35879
8250
35169
18553
86613
46535
24689
7147
29073
48480
54635
48024
35860
25315
25667
38941
4226
59094
83101
49465
14257
90229
45176
59448
17543
66538
70729
69101
64016
15439
65211
39582
22282
79716
43586
9187
36405
22742
94018
98029
60131
86821
67036
2448
14311
28668
54201
3796
61753
43599
20028
55040
90618
49392
77111
33530
69253
99381
81560
25629
7020
79346
94862
21140
10019
35051
88606
33932
24338
34249
48943
55833
25608
67160
1221
43327
75064
18046
19356
53075
42101
98311
53049
19406
76595
96159
49766
63670
43224
75529
22002
5997
83142
73942
96174
82198
2492
88342
57524
94245
56891
33085
66175
83091
69506
29761
71544
14814
98324
71252
22473
92132
17366
78697
51527
78700
29526
6546
15442
3178
14621
30261
43601
82327
22848
91688
37881
78846
54528
37485
37943
96938
74436
15022
96606
21285
65940
90633
38002
73623
49421
7138
75825
92428
17253
67069
36256
84612
81129
22927
74566
95133
58168
2968
22959
31814
48918
12552
2339
897
26598
42585
35062
58849
80509
32054
60368
12640
86387
69355
70000
10829
97087
8787
30955
36753
99429
67323
67951
98838
76116
61725
72484
66261
66892
91996
78825
6091
75936
23310
14588
97159
58730
81180
64975
23194
19043
5178
89390
11907
65004
50482
84272
95546
11405
76871
33663
8017
81120
94931
89751
83087
97082
85650
61477
43020
94775
78043
1820
61528
922
7640
587
36902
69618
77882
30311
11244
51845
37265
34971
23356
26369
84905
32182
50657
24387
42208
88788
48282
94256
22555
81491
73311
44102
70295
35547
67556
66086
88256
26922
63910
98508
76062
5759
93071
23221
53038
34223
50322
6463
74282
91201
39996
54224
78044
72437
76975
72125
32930
82620
34704
2123
80851
18140
66799
15456
19359
1394
2714
5190
3489
74004
38283
739
82131
99267
88556
75816
73946
59365
12997
27699
53524
94175
38210
32399
4155
3241
73894
25737
13213
57415
97118
80420
35494
38918
78836
50263
2820
26400
66566
38335
49246
66656
94753
83831
73074
15844
16720
25976
84776
48114
73606
83961
48753
48054
48587
87542
27378
94711
71761
79012
98974
30401
1893
33760
34668
94526
85942
44723
87726
24924
21589
46376
95472
24899
50279
21778
61083
50875
21161
1221
87608
41868
6781
38900
84669
66062
12290
78301
48540
62949
73745
42247
63077
77884
56448
15398
43416
98816
64674
90438
76615
70680
61747
43008
87918
83841
12805
93078
74161
82629
13970
80894
49366
33649
99255
45092
672
81239
41004
54615
67494
29158
69094
98776
27575
48617
1039
43821
95569
21832
34101
2884
84893
49418
15951
60653
83561
65903
70374
40218
27075
71231
90627
50490
91506
74084
33602
24874
75593
24419
81460
27523
73676
70677
86867
62269
51986
69967
35160
15307
66414
36125
49035
59311
7839
38637
32623
27201
42636
42970
1800
86580
84
79452
98496
85641
38902
87587
82487
49090
60848
57577
30876
17223
8316
75012
56181
8109
2503
45642
41631
91973
7365
6218
18098
97256
21762
57600
42114
71790
51674
42145
75082
73350
69695
16968
50434
68871
93927
53560
23033
2430
30812
63519
72923
16189
79576
75105
66805
15699
15629
6316
43297
73771
78711
4307
90875
50760
64721
12311
25553
75692
23191
9171
9533
75369
80005
30673
58484
70692
4253
57203
4076
40732
34070
54660
92320
37870
21794
34162
3005
23092
47715
13842
59687
18733
61623
57426
17368
34388
53592
91967
19354
57966
64533
83041
14676
26136
60489
18812
33314
91175
63333
12081
25297
79004
53328
75217
69292
87155
31923
12650
50613
88269
86384
28729
37688
53009
88754
26200
17818
31074
83654
39932
78155
74440
23509
94845
37043
94073
17609
8044
35015
90932
78421
95743
63718
85982
70982
23517
33592
93932
36736
18515
92366
55298
8471
3378
34901
62385
60108
4633
46452
62742
56338
10951
4058
72990
43873
54157
65719
33147
83992
80226
60735
79037
7441
77820
51867
24407
95445
87527
66036
25513
88690
45057
25723
90815
21336
66091
88404
90631
58695
92362
156
61698
69867
65535
49166
2486
9028
85935
69882
38133
12405
30966
73460
45228
92466
53785
74040
22531
69755
92129
44117
21154
19591
54910
45772
14781
19609
96945
25862
32122
2371
11527
69470
80233
23027
35492
5880
97644
84870
73639
26086
35897
18465
43531
55144
85089
87434
49013
7387
90297
10433
99972
89935
31642
38265
75909
68313
672
74885
94338
72254
63609
88169
56278
41615
77416
77501
2760
89523
37717
25258
19672
17349
7753
12875
15787
11462
30750
57099
91167
54674
3528
8446
35464
14889
51351
8603
29327
30388
52151
50853
90640
71572
78431
27171
1136
63361
73727
80340
6617
98078
32755
90284
94410
85916
13045
25043
52696
45139
41816
39434
14315
52031
58382
84764
14986
60624
72618
28503
22936
18197
21315
94867
20166
98883
57976
47416
55221
66221
29342
27429
40410
3615
90628
78490
64261
2922
8131
4116
59494
66974
11023
26156
73724
11608
27987
1090
66771
28177
34881
10100
58024
54555
46225
33219
4685
58562
71618
53167
39405
98171
84453
89145
38633
63662
14371
55506
44412
11984
51696
10627
62717
52468
95091
19265
2458
34133
42277
61367
88814
80903
90403
32810
336
14132
78671
33099
36582
47276
19775
12616
54471
55444
83993
4461
63329
99786
68284
80713
62410
66692
79131
23457
15905
78504
73914
20074
92340
46790
96952
41613
5705
8416
22977
94840
52643
82665
62732
68377
87932
97901
36829
58896
88216
3790
81101
39236
38669
58900
55435
26422
82275
76101
63635
63129
89266
56683
94577
25787
48317
2678
71389
12388
89383
14783
84962
93181
33760
71716
46810
55940
68005
93259
58701
53572
43289
40610
81611
87663
47279
34908
79822
94742
24930
24823
2750
59533
62296
65418
36381
72794
8864
61053
31113
17373
52367
93671
61627
73668
14544
32169
96391
30421
9458
2736
33670
32743
40065
98347
42375
31244
75091
42683
41206
79775
55265
17568
49703
97045
15029
70388
11418
53105
14568
81003
98990
64639
18887
13023
69803
74668
83498
20239
11253
59992
47524
98285
69579
8629
60998
94291
31013
45486
27452
41262
19137
17793
24434
60601
85768
19396
73208
30146
62935
30326
65925
57607
13957
74102
92366
10106
68088
60775
20596
14532
72465
96909
67539
51100
34630
49303
24182
55163
53918
5552
97056
92110
67069
50625
52107
2419
14060
60751
9997
38843
33524
65335
64360
66301
55051
80299
60600
54153
58477
76058
92768
80170
41877
64738
1667
2341
52969
43501
81761
51678
27716
71853
18508
57745
28583
95897
43063
36993
60641
28014
51372
40602
33941
85733
77222
60339
13857
88812
39657
58237
20472
74660
71713
11513
19825
7177
85320
36449
34368
29190
29113
85552
13566
91612
93988
49352
66222
40923
93209
28428
38526
76039
571
33077
46285
65385
94258
10043
8068
82902
23532
22429
41600
51312
62951
31761
94619
76492
74090
32539
58198
52374
48281
1327
59992
48617
45626
9243
7310
12869
77379
83545
40469
14077
90068
43033
15263
98293
61692
82910
37502
33880
78253
34938
15990
15031
82583
35704
38033
88104
30740
71001
23508
15550
87656
13875
43990
60952
95774
55483
86500
95938
96114
99046
55138
39051
84840
49537
44402
65956
47952
55525
79834
93295
95663
7777
59882
42637
46827
95412
94275
14100
20095
24401
82763
7157
76238
31992
46431
35146
8285
75696
76517
60327
24141
3962
27527
4072
41658
8635
65417
14242
76301
76645
68910
18846
9008
97962
80982
51550
59049
30813
28592
42366
35704
51808
60840
70830
64744
3581
69840
83115
84204
36542
14360
91693
33833
8762
70756
16590
40974
68868
62853
52542
14960
23937
91022
19763
44922
27314
77854
40254
3002
29377
68358
98797
44348
80400
44266
33631
1601
3786
40160
55888
97208
3775
38109
53048
22020
63065
75801
88627
99245
12935
94548
49087
47419
41273
21814
47450
53375
95484
11632
18690
31105
76448
71145
34221
96073
47628
65657
81689
81608
43143
44225
99035
24783
56565
76935
88981
19524
53150
66488
51332
40126
59896
14855
48322
78722
32175
73475
1919
36669
92570
41803
3230
14071
14433
36988
70064
87270
64863
24907
68552
81004
93270
52827
72461
94094
62200
43810
63776
18224
51132
65519
57350
99635
41146
34595
26559
67802
82637
2686
86272
56041
55047
82990
94279
2595
36725
22081
28626
57708
46985
51169
15317
11768
96607
36931
48860
72788
29371
75090
55940
16756
12374
89457
48132
77971
69151
7685
75523
41434
29957
20571
83350
4865
40965
98065
59632
49657
40730
67447
87908
64926
16412
9871
58380
84294
9171
16607
68539
3097
78509
51324
44623
70297
97493
44373
23636
51335
36659
76530
65985
28385
54624
75517
13136
59387
3303
80728
55724
90453
39924
91800
60106
88100
94221
79879
83579
66106
63527
74193
48738
18430
29252
96572
45785
31121
99540
87750
29687
84196
89931
71608
19593
76109
27021
9230
56107
15787
4269
15766
96670
83551
79558
75640
69436
85027
2372
71632
34070
54748
10848
36987
88205
14383
51187
78479
33462
34678
25011
37042
78405
71245
97234
3649
84896
87955
63074
87248
79645
42097
89423
35591
19657
14980
23713
59480
18400
76105
96125
58622
28820
1682
36610
16887
59878
16055
92679
98513
13236
70031
11933
38627
16525
65576
48996
31731
59208
58181
19182
61353
77548
67086
90589
74436
41531
28908
87282
39645
38730
83298
18026
72138
81566
92838
84083
17596
4608
66760
64958
45065
29363
61667
29725
65888
43679
32880
45831
12286
52093
92254
90832
39590
95934
4288
31910
78717
4443
32863
80155
37834
15552
86798
16854
76085
26471
13742
68202
9097
24540
79882
63192
38051
51296
83912
59782
45771
78085
84822
26166
58515
41362
81410
48998
86145
476
69925
47223
1655
73547
43767
22314
23676
82557
90219
12663
89353
41616
78911
72051
21783
1301
81753
65476
8728
64416
65765
19999
86120
75577
16158
76647
94436
29715
4111
72138
91299
95891
16397
60322
60982
58436
39442
97674
89073
19028
42507
32548
81575
60732
45110
85323
11350
50246
47641
74007
52764
8522
61800
46968
4464
91057
81012
15045
29040
30893
58857
39764
72385
80853
63166
39004
96577
46856
69722
18840
49758
60521
70534
20913
82987
72862
14909
91899
58477
83106
37606
75331
8209
17811
42329
15608
94445
10725
6741
24780
87962
16536
21778
49892
57679
41154
53202
71276
21806
51324
27384
68832
80802
80610
31584
15516
56872
75432
56073
27276
99126
56412
53042
19400
75656
29721
5993
33530
42787
30111
66946
35373
42116
58148
77019
418
46563
63778
3148
41493
233
12748
32405
67593
96847
33462
67803
1475
89291
20584
42559
63233
67745
18700
22925
79025
23101
73366
63875
34147
60592
40146
480
55744
80818
67835
73832
94043
34141
69537
96656
79168
89589
6605
88187
38812
49807
32335
81752
97211
93456
26887
26812
17364
29902
51633
97741
79015
36666
25310
26459
80872
80709
92148
49782
51639
5306
85389
28440
14816
97796
45249
23458
92327
10078
96335
12371
89393
80549
1253
22379
29948
27684
40922
32668
5316
58671
83297
15153
65091
85159
62749
53547
96033
67084
62730
55356
23613
44227
69927
4473
75735
70106
82225
31313
52986
75698
14187
58293
93242
61619
57760
98323
75562
72566
22045
38402
19370
13095
72131
86334
77785
74414
22742
85060
86173
75803
89610
35456
58691
43193
91376
49427
42751
26196
15611
81067
33614
83094
82524
7692
60696
40054
10812
94239
53610
73726
4749
4656
13501
75514
38891
41898
59465
62890
24376
5541
39890
40939
20764
92624
21245
117
35018
41076
46393
89827
90867
64298
22802
8005
10333
6415
90782
97062
96090
76630
85555
39896
71195
46097
86735
85722
82445
60361
65028
21308
34004
55861
96745
19509
25316
85584
5322
44134
52118
35107
90220
56409
42080
72030
91092
82932
62488
15350
61948
74261
95562
24310
28672
72792
4816
77133
72723
55760
17676
9225
86828
37166
24003
36164
18462
14352
19050
26051
73047
26789
3845
90951
63731
81222
29632
18633
48483
11680
58435
22248
34756
42760
51175
75507
31123
23984
97359
32815
30958
49101
57707
24967
4248
4405
35628
65209
7334
63482
16953
9934
96813
60375
21592
5517
88382
92195
33214
12029
23987
35496
60569
87210
5382
86262
97784
84913
87386
84968
31277
37942
38388
66613
61691
46128
86889
33251
25125
19594
44576
13213
8833
91176
25594
82516
57674
59481
73942
55976
79088
22949
46489
70500
68020
40484
31285
3688
59576
35759
17454
49373
17705
89
76854
20253
86534
64774
97351
19340
86602
8012
93184
41331
8444
1724
3907
8454
84355
54478
79321
88388
94417
9848
33209
41745
10926
82975
41039
2730
70238
70000
41835
23108
53385
25532
9393
41918
25650
30716
8199
49008
74435
31405
93297
73404
96292
52049
53707
41618
61559
76131
34819
10725
52195
54410
22547
32283
99928
7048
45416
65934
55181
49616
96700
94840
83914
63818
24743
17670
1984
82784
62212
43222
2584
89424
79335
94629
45753
64559
42569
42412
51173
54869
50962
33732
