976
30
58 411
412 533
726 1216
191 556
643 680
324 490
777 1225
933 1068
665 846
427 463
921 1421
785 984
248 561
14 79
497 977
168 539
936 1320
618 943
666 716
890 966
139 564
864 1092
466 511
121 245
376 609
540 580
495 642
651 1066
730 855
276 526
439 503
385 824
420 731
273 344
35 445
403 662
267 568
332 612
731 759
922 1205
31 270
786 1203
846 966
508 700
131 452
858 1342
557 693
124 144
294 366
974 1074
775 1233
726 806
334 457
212 698
333 481
990 1268
677 1149
960 1262
33 205
880 1156
33 162
646 1042
645 868
2 440
445 849
618 982
681 758
548 819
44 228
229 564
14 328
586 862
259 675
298 516
148 553
291 542
213 424
763 1144
121 580
711 1154
186 214
264 316
538 867
744 820
714 1143
258 634
809 1035
370 527
916 1251
888 1047
444 492
693 1069
640 1057
36 142
513 624
478 773
352 688
325 596
256 632
150 318
303 607
850 858
711 727
410 665
277 520
607 1037
111 250
442 729
695 1159
4 315
738 864
236 441
676 959
488 565
72 215
660 1092
930 1257
709 722
214 628
399 794
418 571
187 285
624 666
787 818
305 433
59 260
827 918
554 733
232 376
852 1219
373 726
723 1130
212 316
35 121
768 985
85 173
895 1250
147 293
962 1256
333 457
144 353
816 920
576 901
308 500
475 877
328 417
692 833
282 315
403 666
797 965
267 378
313 490
230 478
560 620
904 1325
250 489
763 1018
402 438
701 1109
228 518
244 378
567 672
635 719
983 1438
242 667
751 997
746 921
683 708
647 804
504 572
680 752
339 804
251 373
864 1198
800 969
216 634
496 869
420 754
18 204
128 159
44 131
343 479
597 942
642 1111
31 443
684 1016
260 641
401 688
180 588
939 985
332 624
473 870
713 912
87 275
319 449
893 1216
608 635
471 566
401 791
435 704
176 619
34 443
900 1209
657 1157
739 1118
83 500
726 813
168 458
77 280
944 1161
100 559
577 886
476 640
385 788
280 362
820 1011
734 893
767 1172
96 541
905 1123
913 1245
827 1323
79 195
298 454
307 787
809 1222
953 1371
354 496
370 766
135 275
318 594
705 881
558 856
20 352
594 1080
645 1085
665 843
521 745
319 800
425 884
176 559
474 834
108 233
951 1205
385 748
338 386
966 1248
236 607
76 251
419 585
234 423
764 998
67 73
850 1238
375 790
488 966
68 531
840 1330
676 1006
647 911
457 489
808 1254
668 993
350 589
813 882
605 971
321 757
109 556
21 346
841 935
298 542
806 1048
994 1043
832 935
435 760
501 550
111 200
67 111
165 547
512 870
742 821
273 688
902 982
227 669
238 659
780 1029
29 173
754 898
390 828
437 596
693 1128
861 1024
46 310
752 951
624 750
460 566
215 558
79 218
694 867
59 446
948 973
872 1318
404 626
999 1118
771 1172
585 967
494 626
31 227
245 673
930 1360
647 846
706 841
532 780
727 766
788 1226
958 1203
805 969
164 454
687 1089
540 652
253 372
267 464
705 856
263 276
933 1335
48 505
772 1024
599 1095
795 825
682 779
470 709
882 1217
795 927
596 978
14 364
98 372
413 675
949 1027
898 958
28 357
984 1126
830 946
448 580
343 789
508 588
416 712
276 432
846 941
465 956
342 511
66 315
212 473
79 388
855 1046
225 588
548 593
762 1192
934 1396
477 804
291 669
607 686
569 679
142 628
562 985
215 334
848 978
459 729
514 889
157 417
317 643
793 805
565 847
321 819
465 511
851 1252
578 739
659 724
271 278
194 383
821 827
371 637
610 781
354 402
687 998
994 1478
191 480
794 1112
811 1141
623 859
150 591
115 151
68 324
292 735
869 1110
64 421
238 631
573 991
541 1015
561 1036
294 419
118 436
255 449
239 616
464 798
303 643
916 934
548 829
147 299
516 899
85 408
287 507
54 365
168 625
113 407
729 1208
287 458
795 1110
157 522
292 342
653 1035
616 781
506 662
689 853
140 572
125 171
689 828
499 564
877 989
668 976
129 549
26 63
765 1136
953 1038
463 615
976 1426
320 610
619 680
894 1332
158 206
697 867
294 775
678 923
904 1268
132 272
588 874
917 1252
99 213
734 1122
352 585
163 468
440 900
499 600
557 1044
651 906
183 644
822 1094
818 1222
966 989
111 454
679 730
377 581
453 796
949 1049
798 883
419 823
775 1231
992 1044
987 1026
460 921
834 1027
906 1135
728 874
178 243
847 988
987 1143
91 153
134 478
178 185
835 908
918 1305
424 668
564 867
116 171
641 724
131 291
335 381
955 1215
177 449
887 894
788 906
876 890
233 574
672 1123
175 226
625 707
526 804
822 1266
355 501
576 915
356 756
337 640
990 1216
797 1182
194 598
583 675
161 440
883 1291
851 908
563 841
323 780
793 1266
433 837
192 398
756 923
6 371
185 287
596 783
512 934
838 894
388 472
427 636
914 1098
694 875
184 636
484 537
102 177
498 949
639 664
982 1187
881 900
954 1042
935 1259
464 842
710 815
578 934
959 966
325 578
276 708
579 848
771 1256
967 1371
787 831
719 1098
473 526
521 1017
229 426
75 355
636 813
445 514
477 926
45 289
37 323
167 215
855 995
62 117
300 386
842 1272
646 897
425 647
398 756
351 754
733 1221
948 1426
50 162
755 817
497 655
352 655
154 331
546 774
438 783
532 916
922 1046
701 1111
420 692
340 595
737 788
745 1174
509 626
610 989
273 508
459 587
959 1401
310 697
108 497
494 771
205 336
494 972
90 524
476 622
629 994
341 385
830 1165
120 578
395 871
947 1244
885 1069
677 1099
567 661
699 803
979 1475
103 219
430 618
368 471
203 444
617 800
314 425
80 195
753 877
785 862
912 1377
182 242
952 1073
972 1183
346 637
837 1037
394 438
439 573
156 610
477 508
882 1162
451 862
309 331
653 750
225 553
993 1176
749 1032
680 969
949 1358
689 986
166 373
795 1069
19 381
295 705
254 484
991 1431
35 330
372 516
743 813
526 879
164 389
724 916
899 1342
598 673
235 394
307 336
34 144
551 1008
115 423
418 505
975 1112
505 600
896 1013
917 1013
254 729
828 1054
103 310
443 721
209 280
502 855
803 1216
767 987
677 704
212 483
777 798
164 525
580 987
490 841
993 1241
19 487
908 1292
378 399
497 782
65 328
528 596
904 1028
643 903
130 512
195 620
474 483
549 908
65 255
233 436
96 469
792 962
53 529
133 346
90 146
352 834
130 588
238 352
1 23
43 509
421 660
168 535
976 1026
816 902
662 729
631 699
280 315
445 691
855 1307
911 1391
931 1390
629 1048
565 697
621 1003
453 550
570 1048
938 1243
860 1123
98 446
624 757
804 1171
776 865
731 1025
304 502
600 859
838 890
670 1031
529 687
589 1049
829 883
362 805
668 857
645 940
839 870
33 417
94 355
255 710
910 1256
352 849
469 633
128 408
953 1169
429 622
462 690
518 785
185 674
402 677
818 902
499 603
213 626
961 1263
956 1373
204 252
346 695
788 1283
362 726
1 276
584 801
271 563
105 504
592 867
387 824
396 419
424 838
134 183
553 634
191 575
895 945
149 307
475 659
578 921
647 1040
287 371
955 1185
993 1125
471 767
507 955
984 1087
184 575
678 1166
55 405
102 586
697 992
961 1045
737 983
501 898
623 1035
898 1087
875 940
402 435
565 573
518 529
763 907
543 703
270 650
347 597
41 259
161 415
406 445
351 485
999 1297
401 805
112 494
141 454
685 1156
318 388
469 533
862 1279
671 776
645 800
239 404
627 1038
996 1106
463 897
141 326
892 1073
552 937
487 726
297 406
202 687
418 724
615 1031
744 927
461 649
990 1311
258 597
883 1137
526 665
972 989
147 290
903 1113
683 1027
142 519
645 965
918 1205
324 454
739 940
516 689
582 973
8 153
1 107
857 1226
765 1139
831 1148
726 1136
223 649
562 998
47 430
50 312
407 547
670 997
533 934
755 1095
986 1231
382 507
59 91
362 688
661 852
945 1295
529 792
62 306
805 1055
894 982
439 704
351 778
324 786
5 213
25 437
808 1162
810 861
408 505
506 826
471 649
35 244
385 779
889 1353
684 755
858 918
205 587
734 833
485 518
891 1248
523 676
419 712
320 496
106 261
115 242
287 573
615 704
138 213
729 877
991 1033
609 876
702 1134
816 982
162 452
147 156
208 261
363 858
327 583
67 111
73 115
423 790
825 1254
194 520
395 759
624 663
293 340
819 1009
400 876
99 474
797 857
146 519
409 755
67 107
532 571
461 640
329 341
942 1430
610 623
358 569
428 684
313 514
447 906
172 369
384 583
57 71
396 409
577 784
546 1031
399 478
32 391
831 936
916 1113
958 1240
968 1310
368 729
7 297
817 867
901 985
100 176
718 1213
532 732
761 1115
576 671
684 970
581 874
695 1039
807 998
67 514
399 873
386 862
648 862
136 456
502 939
394 661
633 713
959 1181
715 1154
645 1139
577 811
451 507
882 1043
162 336
24 306
360 846
169 471
270 724
598 819
3 153
260 408
643 672
12 287
647 780
704 718
240 715
896 909
190 306
568 605
863 1330
11 31
674 894
831 1055
301 570
