5000
8552 380 9996
4185 8739 9955
6816 1904 9824
7625 8725 9525
5416 9516 8956
5537 8295 7991
4720 4304 6480
481 9609 4249
1000 9900 1100
9481 5931 6811
5072 3360 1136
9705 9069 3805
5496 2364 4524
4625 9775 2975
1696 2496 8816
6657 5825 1681
3640 284 1180
6361 4419 6899
8000 9600 8400
1561 7461 5221
4792 940 6876
1025 199 2855
2576 5024 2624
625 5625 5625
3576 4076 1276
3977 8955 8971
1360 6064 8080
3641 8429 7949
7000 9100 7900
2241 591 7231
3712 5120 5216
4145 129 1105
4056 3884 4124
1625 6275 3475
7056 256 8336
3497 9685 7861
3880 9644 1180
8321 5639 7399
4000 8400 5600
7521 1321 4841
7832 7900 4156
5065 6859 2555
5936 2944 9024
3625 1725 2525
8136 7036 1996
1217 15 6351
7200 9024 4480
6401 49 5249
5000 7500 7500
3401 5651 51
3152 1280 1696
9785 8389 1205
4216 6204 7324
2625 1975 8775
2816 416 4256
3137 1945 2441
7320 2204 1980
3881 5659 1499
6000 6400 9600
5881 9581 4861
5672 7260 5836
4305 2719 1055
4896 7664 9024
4625 7025 8225
7096 6396 7116
5257 7475 4131
240 7184 7680
6761 6469 6149
3000 5100 7900
961 9111 1271
1392 7840 4576
4625 7849 6105
3976 1324 4124
5625 6875 6875
6976 976 2576
3577 8605 9421
1960 1964 5580
1041 6479 9199
2000 3600 8400
4641 241 1281
6312 5020 5916
6745 1779 355
7456 1184 2624
1625 1525 725
8456 156 2636
4097 7335 6311
8480 4544 9680
2721 9689 649
9000 1900 7100
2921 8971 6891
6432 800 7856
6665 2509 7805
1336 1244 4524
8625 975 5775
7536 9936 9296
2817 5665 2801
5800 2924 3980
7801 99 499
121 121 121
1801 1301 101
7752 7180 8396
385 8039 2455
1616 5504 9824
2625 5225 8025
216 6316 4556
5737 5595 6891
9920 5104 2480
2281 1709 8749
1000 7900 3100
7281 3231 2911
6272 6160 5536
3905 6369 8305
4296 7964 8524
9625 4275 3475
2496 5296 416
8857 9125 6581
6840 9084 9180
2161 8519 5399
8000 5600 2400
5361 761 7321
7992 9740 7276
3225 5499 9355
5376 2624 624
5625 8125 8125
376 2876 8876
8177 8255 9871
2560 2864 8080
3441 4529 449
7000 3100 3900
2041 9891 5331
8912 9920 1616
4345 3429 9605
856 3484 6124
6625 6775 7975
9856 5056 1936
9697 4985 4761
3080 4444 3180
2121 3739 3899
4000 400 3600
3321 6621 8941
5032 8700 6556
3265 8159 3055
6736 4544 5024
8625 225 9025
6936 7836 1596
9417 1315 9251
4400 1824 8480
4201 149 5749
5000 7500 7500
5201 6951 151
2352 8080 96
5985 7689 3705
9016 9804 7324
7625 8475 7275
7616 7216 9856
3337 9245 1341
2520 3004 7980
5681 7759 5999
6000 4400 1600
3681 6881 961
6872 60 236
8505 19 5555
3696 3264 3024
9625 1525 8725
7896 9196 8716
7457 775 9031
3440 5984 5680
2561 569 4649
3000 1100 1900
4761 2411 3371
4592 6640 4976
6825 3149 2605
6776 8924 2124
625 9375 9375
3776 9776 176
7777 7905 321
3160 8764 5580
841 2579 1699
2000 7600 4400
4441 9541 9381
1512 9820 2316
6945 5079 8855
4256 784 4624
6625 2025 5225
1256 4956 6236
297 2635 3211
7680 9344 1680
6521 7789 7149
9000 3900 5100
8721 4271 991
4865 3809 8305
2136 2844 524
3625 9475 2275
6336 736 8896
1017 6965 5701
3000 5724 7980
5601 199 999
121 121 121
3601 2601 201
6952 3980 6796
6585 7339 4955
6416 9104 9824
7625 1725 6525
5016 3116 156
5937 2895 5791
5120 5904 8480
4081 3809 3249
1000 5900 5100
5081 531 9011
7472 8960 9936
8105 3669 2805
3096 3564 2524
4625 8775 3975
3296 8096 2016
1057 2425 1481
40 7884 7180
7961 2619 3899
8000 1600 6400
9161 4061 9421
1192 8540 7676
5425 799 5855
8176 224 8624
625 625 625
7176 1676 6476
2377 7555 771
3760 9664 8080
3241 629 2949
7000 7100 9900
1841 9191 3431
4112 4720 8016
4545 6729 8105
7656 3084 8124
1625 7275 2475
2656 9856 5536
5897 285 1661
2280 9244 5180
5921 1839 399
4000 2400 1600
9121 1921 3041
2232 9500 8956
1465 9459 3555
7536 6144 1024
3625 8725 5525
5736 8636 1196
7617 2615 2151
1600 4624 2480
2001 249 6249
5000 7500 7500
7001 8251 251
1552 4880 8496
2185 6989 6205
3816 3404 7324
2625 4975 5775
2416 4016 5456
3537 6545 241
7720 3804 3980
7481 9859 499
6000 2400 3600
1481 4181 7061
8072 2860 4636
2705 7319 55
2496 8864 7024
4625 6025 9225
8696 1996 316
9657 4075 3931
6640 4784 3680
8361 4669 3149
3000 7100 5900
8561 5711 5471
7792 5440 5376
9025 8449 9105
9576 6524 124
5625 1875 1875
576 8576 7776
1977 7205 1221
4360 5564 5580
641 8679 4199
2000 1600 400
4241 8841 7481
6712 4620 8716
7145 8379 7355
1056 384 6624
1625 2525 9725
4056 9756 9836
6497 7935 111
6880 4144 3680
321 5889 3649
9000 5900 3100
4521 9571 5091
832 2400 2656
3065 5109 8805
2936 4444 6524
8625 7975 8775
5136 1536 8496
9217 8265 8601
200 8524 1980
3401 299 1499
121 121 121
5401 3901 301
6152 780 5196
2785 6639 7455
1216 2704 9824
2625 8225 5025
9816 9916 5756
6137 195 4691
320 6704 4480
5881 5909 7749
1000 3900 7100
2881 7831 5111
8672 1760 4336
2305 969 7305
1896 9164 6524
9625 3275 4475
4096 896 3616
3257 5725 6381
3240 6684 5180
3761 6719 2399
8000 7600 400
2961 7361 1521
4392 7340 8076
7625 6099 2355
976 7824 6624
5625 3125 3125
3976 476 4076
6577 6855 1671
4960 6464 8080
3041 6729 5449
7000 1100 5900
1641 8491 1531
9312 9520 4416
4745 29 6605
4456 2684 124
6625 7775 6975
5456 4656 9136
2097 5585 8561
1480 4044 7180
9721 9939 6899
4000 4400 9600
4921 7221 7141
9432 300 1356
9665 759 4055
8336 7744 7024
8625 7225 2025
4536 9436 796
5817 3915 5051
8800 7424 6480
9801 349 6749
5000 7500 7500
8801 9551 351
752 1680 6896
8385 6289 8705
8616 7004 7324
7625 1475 4275
7216 816 1056
3737 3845 9141
2920 4604 9980
9281 1959 4999
6000 400 5600
9281 1481 3161
9272 5660 9036
6905 4619 4555
1296 4464 1024
9625 525 9725
9496 4796 1916
1857 7375 8831
9840 3584 1680
4161 8769 1649
3000 3100 9900
2361 9011 7571
992 4240 5776
1225 3749 5605
2376 4124 8124
625 4375 4375
7376 7376 5376
6177 6505 2121
5560 2364 5580
441 4779 6699
2000 5600 6400
4041 8141 5581
1912 9420 5116
7345 1679 5855
7856 9984 8624
6625 3025 4225
6856 4556 3436
2697 3235 7011
6080 8944 5680
4121 3989 149
9000 7900 1100
321 4871 9191
8032 3200 5056
1265 6409 9305
3736 6044 2524
3625 6475 5275
3936 2336 8096
7417 9565 1501
7400 1324 5980
1201 399 1999
121 121 121
7201 5201 401
5352 7580 3596
8985 5939 9955
6016 6304 9824
7625 4725 3525
4616 6716 1356
6337 7495 3591
5520 7504 480
7681 8009 2249
1000 1900 9100
681 5131 1211
9872 4560 8736
6505 8269 1805
696 4764 524
4625 7775 4975
4896 3696 5216
5457 9025 1281
6440 5484 3180
9561 819 899
8000 3600 4400
6761 661 3621
7592 6140 8476
9825 1399 8855
3776 5424 4624
625 5625 5625
776 9276 1676
777 6155 2571
6160 3264 8080
2841 2829 7949
7000 5100 1900
1441 7791 9631
4512 4320 816
4945 3329 5105
1256 2284 2124
1625 8275 1475
8256 9456 2736
8297 885 5461
680 8844 9180
3521 8039 3399
4000 6400 7600
721 2521 1241
6632 1100 3756
7865 2059 4555
9136 9344 3024
3625 5725 8525
3336 236 396
4017 5215 7951
6000 224 480
7601 449 7249
5000 7500 7500
601 851 451
9952 8480 5296
4585 5589 1205
3416 604 7324
2625 7975 2775
2016 7616 6656
3937 1145 8041
8120 5404 5980
1081 4059 9499
6000 8400 7600
7081 8781 9261
472 8460 3436
1105 1919 9055
96 64 5024
4625 5025 225
296 7596 3516
4057 675 3731
3040 2384 9680
9961 2869 149
3000 9100 3900
6161 2311 9671
4192 3040 6176
3425 9049 2105
5176 1724 6124
5625 6875 6875
4176 6176 2976
377 5805 3021
6760 9164 5580
241 879 9199
2000 9600 2400
3841 7441 3681
7112 4220 1516
7545 4979 4355
4656 9584 624
1625 3525 8725
9656 9356 7036
8897 8535 3911
5280 3744 7680
7921 2089 6649
9000 9900 9100
6121 171 3291
5232 4000 7456
9465 7709 9805
4536 7644 8524
8625 4975 1775
2736 3136 7696
5617 865 4401
4600 4124 9980
9001 499 2499
121 121 121
9001 6501 501
4552 4380 1996
5185 5239 2455
816 9904 9824
2625 1225 2025
9416 3516 6956
6537 4795 2491
720 8304 6480
9481 109 6749
1000 9900 1100
8481 2431 7311
1072 7360 3136
705 5569 6305
9496 364 4524
9625 2275 5475
5696 6496 6816
7657 2325 6181
9640 4284 1180
5361 4919 9399
8000 9600 8400
561 3961 5721
792 4940 8876
2025 6699 5355
6576 3024 2624
5625 8125 8125
7576 8076 9276
4977 5455 3471
7360 64 8080
2641 8929 449
7000 9100 7900
1241 7091 7731
9712 9120 7216
5145 6629 3605
8056 1884 4124
6625 8775 5975
1056 4256 6336
4497 6185 2361
9880 3644 1180
7321 6139 9899
4000 8400 5600
6521 7821 5341
3832 1900 6156
6065 3359 5055
9936 944 9024
8625 4225 5025
2136 1036 9996
2217 6515 851
3200 3024 4480
5401 549 7749
5000 7500 7500
2401 2151 551
9152 5280 3696
785 4889 3705
8216 4204 7324
7625 4475 1275
6816 4416 2256
4137 8445 6941
3320 6204 1980
2881 6159 3999
6000 6400 9600
4881 6081 5361
1672 1260 7836
5305 9219 3555
8896 5664 9024
9625 9525 725
1096 396 5116
6257 3975 8631
6240 1184 7680
5761 6969 8649
3000 5100 7900
9961 5611 1771
7392 1840 6576
5625 4349 8605
7976 9324 4124
625 9375 9375
976 4976 576
4577 5105 3921
7960 5964 5580
41 6979 1699
2000 3600 8400
3641 6741 1781
2312 9020 7916
7745 8279 2855
1456 9184 2624
6625 4025 3225
2456 4156 636
5097 3835 811
4480 8544 9680
1721 189 3149
9000 1900 7100
1921 5471 7391
2432 4800 9856
7665 9009 305
5336 9244 4524
3625 3475 8275
1536 3936 7296
3817 2165 7301
1800 6924 3980
6801 599 2999
121 121 121
801 7801 601
3752 1180 396
1385 4539 4955
5616 3504 9824
7625 7725 525
4216 316 2556
6737 2095 1391
5920 9104 2480
1281 2209 1249
1000 7900 3100
6281 9731 3411
2272 160 7536
4905 2869 805
8296 5964 8524
4625 6775 5975
6496 9296 8416
9857 5625 1081
2840 3084 9180
1161 9019 7899
8000 5600 2400
4361 7261 7821
3992 3740 9276
4225 1999 1855
9376 624 624
625 625 625
4376 6876 6876
9177 4755 4371
8560 6864 8080
2441 5029 2949
7000 3100 3900
1041 6391 5831
4912 3920 3616
5345 9929 2105
4856 1484 6124
1625 9275 475
3856 9056 9936
697 1485 9261
9080 8444 3180
1121 4239 6399
4000 400 3600
2321 3121 9441
1032 2700 8556
4265 4659 5555
736 2544 5024
3625 2725 1525
936 1836 9596
417 7815 3751
400 5824 8480
3201 649 8249
5000 7500 7500
4201 3451 651
8352 2080 2096
6985 4189 6205
3016 7804 7324
2625 975 9775
1616 1216 7856
4337 5745 5841
8520 7004 7980
4681 8259 8499
6000 4400 1600
2681 3381 1461
2872 4060 2236
9505 6519 8055
7696 1264 3024
4625 4025 1225
1896 3196 6716
8457 7275 3531
9440 9984 5680
1561 1069 7149
3000 1100 1900
3761 8911 3871
592 640 6976
7825 9649 5105
776 6924 2124
5625 1875 1875
7776 3776 8176
8777 4405 4821
9160 2764 5580
9841 3079 4199
2000 7600 4400
3441 6041 9881
7512 3820 4316
7945 1579 1355
8256 8784 4624
1625 4525 7725
5256 8956 4236
1297 9135 7711
3680 3344 1680
5521 8289 9649
9000 3900 5100
7721 771 1491
9632 5600 2256
5865 309 805
6136 844 524
8625 1975 4775
336 4736 6896
2017 3465 201
9000 9724 7980
4601 699 3499
121 121 121
2601 9101 701
2952 7980 8796
7585 3839 7455
416 7104 9824
2625 4225 9025
9016 7116 8156
6937 9395 291
1120 9904 8480
3081 4309 5749
1000 5900 5100
4081 7031 9511
3472 2960 1936
9105 169 5305
7096 1564 2524
9625 1275 6475
7296 2096 16
2057 8925 5981
6040 1884 7180
6961 3119 6399
8000 1600 6400
8161 561 9921
7192 2540 9676
6425 7299 8355
2176 8224 8624
5625 3125 3125
1176 5676 4476
3377 4055 5271
9760 3664 8080
2241 1129 5449
7000 7100 9900
841 5691 3931
112 8720 16
5545 3229 605
1656 1084 8124
6625 9775 4975
6656 3856 3536
6897 6785 6161
8280 3244 5180
4921 2339 2899
4000 2400 1600
8121 8421 3541
8232 3500 956
2465 5959 6055
1536 4144 1024
8625 1225 8025
9736 2636 9196
8617 9115 6651
7600 8624 2480
1001 749 8749
5000 7500 7500
6001 4751 751
7552 8880 496
3185 3489 8705
7816 1404 7324
7625 7475 8275
6416 8016 3456
4537 3045 4741
3720 7804 3980
6481 359 2999
6000 2400 3600
481 681 7561
4072 6860 6636
3705 3819 2555
6496 6864 7024
9625 8525 1725
2696 5996 8316
657 575 8431
2640 8784 3680
7361 5169 5649
3000 7100 5900
7561 2211 5971
3792 9440 7376
25 4949 1605
3576 4524 124
625 4375 4375
4576 2576 5776
2977 3705 5721
360 9564 5580
9641 9179 6699
2000 1600 400
3241 5341 7981
2712 8620 716
8145 4879 9855
5056 8384 6624
6625 5025 2225
8056 3756 7836
7497 4435 4611
2880 8144 3680
9321 6389 6149
9000 5900 3100
3521 6071 5591
6832 6400 4656
4065 1609 1305
6936 2444 6524
3625 475 1275
9136 5536 6496
217 4765 3101
6200 2524 1980
2401 799 3999
121 121 121
4401 401 801
2152 4780 7196
3785 3139 9955
5216 704 9824
7625 725 7525
3816 3916 3756
7137 6695 9191
6320 704 4480
4881 6409 249
1000 3900 7100
1881 4331 5611
4672 5760 6336
3305 7469 9805
5896 7164 6524
4625 5775 6975
8096 4896 1616
4257 2225 881
9240 684 5180
2761 7219 4899
8000 7600 400
1961 3861 2021
392 1340 76
8625 2599 4855
4976 5824 6624
625 5625 5625
7976 4476 2076
7577 3355 6171
960 464 8080
2041 7229 7949
7000 1100 5900
641 4991 2031
5312 3520 6416
5745 6529 9105
8456 684 124
1625 275 9475
9456 8656 7136
3097 2085 3061
7480 8044 7180
8721 439 9399
4000 4400 9600
3921 3721 7641
5432 4300 3356
665 7259 6555
2336 5744 7024
3625 9725 4525
8536 3436 8796
6817 415 9551
4800 1424 6480
8801 849 9249
5000 7500 7500
7801 6051 851
6752 5680 8896
9385 2789 1205
2616 5004 7324
2625 3975 6775
1216 4816 9056
4737 345 3641
8920 8604 9980
8281 2459 7499
6000 400 5600
8281 7981 3661
5272 9660 1036
7905 1119 7055
5296 2464 1024
4625 3025 2225
3496 8796 9916
2857 3875 3331
5840 7584 1680
3161 9269 4149
3000 3100 9900
1361 5511 8071
6992 8240 7776
2225 249 8105
6376 2124 8124
5625 6875 6875
1376 1376 3376
7177 3005 6621
1560 6364 5580
9441 5279 9199
2000 5600 6400
3041 4641 6081
7912 3420 7116
8345 8179 8355
1856 7984 8624
1625 5525 6725
856 8556 1436
3697 9735 1511
2080 2944 5680
3121 4489 2649
9000 7900 1100
9321 1371 9691
4032 7200 7056
2265 2909 1805
7736 4044 2524
8625 8975 7775
7936 6336 6096
8417 6065 6001
3400 5324 5980
201 899 4499
121 121 121
6201 1701 901
1352 1580 5596
9985 2439 2455
16 4304 9824
2625 7225 6025
8616 716 9356
7337 3995 8091
1520 1504 480
6681 8509 4749
1000 1900 9100
9681 1631 1711
5872 8560 736
7505 4769 4305
4696 2764 524
9625 275 7475
8896 7696 3216
6457 5525 5781
2440 9484 3180
8561 1319 3399
8000 3600 4400
5761 7161 4121
3592 140 476
825 7899 1355
7776 3424 4624
5625 8125 8125
4776 3276 9676
1777 2655 7071
2160 7264 8080
1841 3329 449
7000 5100 1900
441 4291 131
512 8320 2816
5945 9829 7605
5256 284 2124
6625 775 3975
2256 3456 736
9297 7385 9961
6680 2844 9180
2521 8539 5899
4000 6400 7600
9721 9021 1741
2632 5100 5756
8865 8559 7055
3136 7344 3024
8625 8225 1025
7336 4236 8396
5017 1715 2451
2000 4224 480
6601 949 9749
5000 7500 7500
9601 7351 951
5952 2480 7296
5585 2089 3705
7416 8604 7324
7625 475 5275
6016 1616 4656
4937 7645 2541
4120 9404 5980
81 4559 1999
6000 8400 7600
6081 5281 9761
6472 2460 5436
2105 8419 1555
4096 8064 5024
9625 7525 2725
4296 1596 1516
5057 7175 8231
9040 6384 9680
8961 3369 2649
3000 9100 3900
5161 8811 171
192 7040 8176
4425 5549 4605
9176 9724 6124
625 9375 9375
8176 176 976
1377 2305 7521
2760 3164 5580
9241 1379 1699
2000 9600 2400
2841 3941 4181
3112 8220 3516
8545 1479 6855
8656 7584 624
6625 6025 1225
3656 3356 5036
9897 5035 8411
1280 7744 7680
6921 2589 9149
9000 9900 9100
5121 6671 3791
1232 8000 9456
465 4209 2305
8536 5644 8524
3625 7475 4275
6736 7136 5696
6617 7365 8901
600 8124 9980
8001 999 4999
121 121 121
8001 3001 1001
552 8380 3996
6185 1739 4955
4816 7904 9824
7625 3725 4525
3416 7516 4956
7537 1295 6991
6720 2304 6480
8481 609 9249
1000 9900 1100
7481 8931 7811
7072 1360 5136
1705 2069 8805
3496 8364 4524
4625 4775 7975
9696 496 4816
8657 8825 681
5640 8284 1180
4361 5419 1899
8000 9600 8400
9561 461 6221
6792 8940 876
3025 3199 7855
576 1024 2624
625 625 625
1576 2076 7276
5977 1955 7971
3360 4064 8080
1641 9429 2949
7000 9100 7900
241 3591 8231
5712 3120 9216
6145 3129 6105
2056 9884 4124
1625 1275 8475
5056 8256 4336
5497 2685 6861
5880 7644 1180
6321 6639 2399
4000 8400 5600
5521 4321 5841
9832 5900 8156
7065 9859 7555
3936 8944 9024
3625 6725 7525
6136 5036 7996
3217 3015 5351
9200 7024 4480
4401 1049 249
5000 7500 7500
1401 8651 1051
5152 9280 5696
1785 1389 6205
2216 2204 7324
2625 6975 3775
816 8416 256
5137 4945 1441
9320 204 1980
1881 6659 6499
6000 6400 9600
3881 2581 5861
7672 5260 9836
6305 5719 6055
2896 3664 9024
4625 2025 3225
5096 4396 3116
7257 475 3131
2240 5184 7680
4761 7469 1149
3000 5100 7900
8961 2111 2271
3392 5840 8576
6625 849 1105
1976 7324 4124
5625 1875 1875
4976 8976 8576
5577 1605 8421
3960 9964 5580
9041 7479 4199
2000 3600 8400
2641 3241 2281
8312 3020 9916
8745 4779 5355
5456 7184 2624
1625 6525 5725
6456 8156 8636
6097 335 5311
480 2544 9680
721 689 5649
9000 1900 7100
921 1971 7891
8432 8800 1856
8665 5509 2805
9336 7244 4524
8625 5975 775
5536 7936 5296
4817 8665 1801
7800 924 3980
5801 1099 5499
121 121 121
9801 4301 1101
9752 5180 2396
2385 1039 7455
9616 1504 9824
2625 225 3025
8216 4316 556
7737 8595 5891
1920 3104 2480
281 2709 3749
1000 7900 3100
5281 6231 3911
8272 4160 9536
5905 9369 3305
2296 3964 8524
9625 9275 8475
496 3296 6416
857 2125 5581
8840 7084 9180
161 9519 399
8000 5600 2400
3361 3761 8321
9992 7740 1276
5225 8499 4355
3376 8624 624
5625 3125 3125
8376 876 4876
177 1255 8871
4560 864 8080
1441 5529 5449
7000 3100 3900
41 2891 6331
912 7920 5616
6345 6429 4605
8856 9484 6124
6625 1775 2975
7856 3056 7936
1697 7985 3761
5080 2444 3180
121 4739 8899
4000 400 3600
1321 9621 9941
7032 6700 556
5265 1159 8055
4736 544 5024
8625 5225 4025
4936 5836 7596
1417 4315 8251
6400 9824 8480
2201 1149 749
5000 7500 7500
3201 9951 1151
4352 6080 4096
7985 689 8705
7016 5804 7324
7625 3475 2275
5616 5216 5856
5337 2245 341
4520 1004 7980
3681 8759 999
6000 4400 1600
1681 9881 1961
8872 8060 4236
505 3019 555
1696 9264 3024
9625 6525 3725
5896 7196 4716
9457 3775 8031
5440 3984 5680
561 1569 9649
3000 1100 1900
2761 5411 4371
6592 4640 8976
8825 6149 7605
4776 4924 2124
625 4375 4375
1776 7776 6176
9777 905 9321
5160 6764 5580
8841 3579 6699
2000 7600 4400
2441 2541 381
3512 7820 6316
8945 8079 3855
2256 6784 4624
6625 7025 225
9256 2956 2236
2297 5635 2211
9680 7344 1680
4521 8789 2149
9000 3900 5100
6721 7271 1991
5632 9600 4256
6865 6809 3305
136 8844 524
3625 4475 7275
4336 8736 4896
3017 9965 4701
5000 3724 7980
3601 1199 5999
121 121 121
1601 5601 1201
8952 1980 796
8585 339 9955
4416 5104 9824
7625 6725 1525
3016 1116 6156
7937 5895 4791
7120 3904 8480
2081 4809 8249
1000 5900 5100
3081 3531 11
9472 6960 3936
105 6669 7805
1096 9564 2524
4625 3775 8975
1296 6096 8016
3057 5425 481
2040 5884 7180
5961 3619 8899
8000 1600 6400
7161 7061 421
3192 6540 1676
7425 3799 855
6176 6224 8624
625 5625 5625
5176 9676 2476
4377 555 9771
5760 7664 8080
1241 1629 7949
7000 7100 9900
9841 2191 4431
6112 2720 2016
6545 9729 3105
5656 9084 8124
1625 2275 7475
656 7856 1536
7897 3285 661
4280 7244 5180
3921 2839 5399
4000 2400 1600
7121 4921 4041
4232 7500 2956
3465 2459 8555
5536 2144 1024
3625 3725 525
3736 6636 7196
9617 5615 1151
3600 2624 2480
1 1249 1249
5000 7500 7500
5001 1251 1251
3552 2880 2496
4185 9989 1205
1816 9404 7324
2625 9975 775
416 2016 1456
5537 9545 9241
9720 1804 3980
5481 859 5499
6000 2400 3600
9481 7181 8061
72 860 8636
4705 319 5055
496 4864 7024
4625 1025 4225
6696 9996 6316
1657 7075 2931
8640 2784 3680
6361 5669 8149
3000 7100 5900
6561 8711 6471
9792 3440 9376
1025 1449 4105
7576 2524 124
5625 6875 6875
8576 6576 3776
3977 205 221
6360 3564 5580
8641 9679 9199
2000 1600 400
2241 1841 8481
8712 2620 2716
9145 1379 2355
9056 6384 6624
1625 7525 4725
2056 7756 5836
8497 935 9111
8880 2144 3680
8321 6889 8649
9000 5900 3100
2521 2571 6091
2832 400 6656
5065 8109 3805
936 444 6524
8625 2975 3775
3136 9536 4496
1217 1265 7601
2200 6524 1980
1401 1299 6499
121 121 121
3401 6901 1301
8152 8780 9196
4785 9639 2455
9216 8704 9824
2625 3225 25
7816 7916 1756
8137 3195 3691
2320 4704 4480
3881 6909 2749
1000 3900 7100
881 831 6111
672 9760 8336
4305 3969 2305
9896 5164 6524
9625 8275 9475
2096 8896 9616
5257 8725 5381
5240 4684 5180
1761 7719 7399
8000 7600 400
961 361 2521
6392 5340 2076
9625 9099 7355
8976 3824 6624
5625 8125 8125
1976 8476 76
8577 9855 671
6960 4464 8080
1041 7729 449
7000 1100 5900
9641 1491 2531
1312 7520 8416
6745 3029 1605
2456 8684 124
6625 2775 1975
3456 2656 5136
4097 8585 7561
3480 2044 7180
7721 939 1899
4000 4400 9600
2921 221 8141
1432 8300 5356
1665 3759 9055
6336 3744 7024
8625 2225 7025
2536 7436 6796
7817 6915 4051
800 5424 6480
7801 1349 1749
5000 7500 7500
6801 2551 1351
2752 9680 896
385 9289 3705
6616 3004 7324
7625 6475 9275
5216 8816 7056
5737 6845 8141
4920 2604 9980
7281 2959 9999
6000 400 5600
7281 4481 4161
1272 3660 3036
8905 7619 9555
9296 464 1024
9625 5525 4725
7496 2796 7916
3857 375 7831
1840 1584 1680
2161 9769 6649
3000 3100 9900
361 2011 8571
2992 2240 9776
3225 6749 605
376 124 8124
625 9375 9375
5376 5376 1376
8177 9505 1121
7560 364 5580
8441 5779 1699
2000 5600 6400
2041 1141 6581
3912 7420 9116
9345 4679 855
5856 5984 8624
6625 8025 9225
4856 2556 9436
4697 6235 6011
8080 6944 5680
2121 4989 5149
9000 7900 1100
8321 7871 191
32 1200 9056
3265 9409 4305
1736 2044 2524
3625 1475 275
1936 336 4096
9417 2565 501
9400 9324 5980
9201 1399 6999
121 121 121
5201 8201 1401
7352 5580 7596
985 8939 4955
4016 2304 9824
7625 9725 8525
2616 4716 7356
8337 495 2591
7520 5504 480
5681 9009 7249
1000 1900 9100
8681 8131 2211
1872 2560 2736
8505 1269 6805
8696 764 524
4625 2775 9975
2896 1696 1216
7457 2025 281
8440 3484 3180
7561 1819 5899
8000 3600 4400
4761 3661 4621
9592 4140 2476
1825 4399 3855
1776 1424 4624
625 625 625
8776 7276 7676
2777 9155 1571
8160 1264 8080
841 3829 2949
7000 5100 1900
9441 791 631
6512 2320 4816
6945 6329 105
9256 8284 2124
1625 3275 6475
6256 7456 8736
297 3885 4461
2680 6844 9180
1521 9039 8399
4000 6400 7600
8721 5521 2241
8632 9100 7756
9865 5059 9555
7136 5344 3024
3625 725 3525
1336 8236 6396
6017 8215 6951
8000 8224 480
5601 1449 2249
5000 7500 7500
8601 3851 1451
1952 6480 9296
6585 8589 6205
1416 6604 7324
2625 2975 7775
16 5616 2656
5937 4145 7041
120 3404 5980
9081 5059 4499
6000 8400 7600
5081 1781 261
2472 6460 7436
3105 4919 4055
8096 6064 5024
4625 25 5225
8296 5596 9516
6057 3675 2731
5040 384 9680
7961 3869 5149
3000 9100 3900
4161 5311 671
6192 1040 176
5425 2049 7105
3176 7724 6124
5625 1875 1875
2176 4176 8976
2377 8805 2021
8760 7164 5580
8241 1879 4199
2000 9600 2400
1841 441 4681
9112 2220 5516
9545 7979 9355
2656 5584 624
1625 8525 3725
7656 7356 3036
897 1535 2911
7280 1744 7680
5921 3089 1649
9000 9900 9100
4121 3171 4291
7232 2000 1456
1465 709 4805
2536 3644 8524
8625 9975 6775
736 1136 3696
7617 3865 3401
6600 2124 9980
7001 1499 7499
121 121 121
7001 9501 1501
6552 2380 5996
7185 8239 7455
8816 5904 9824
2625 6225 7025
7416 1516 2956
8537 7795 1491
2720 6304 6480
7481 1109 1749
1000 9900 1100
6481 5431 8311
3072 5360 7136
2705 8569 1305
7496 6364 4524
9625 7275 475
3696 4496 2816
9657 5325 5181
1640 2284 1180
3361 5919 4399
8000 9600 8400
8561 6961 6721
2792 2940 2876
4025 9699 355
4576 9024 2624
5625 3125 3125
5576 6076 5276
6977 8455 2471
9360 8064 8080
641 9929 5449
7000 9100 7900
9241 91 8731
1712 7120 1216
7145 9629 8605
6056 7884 4124
6625 3775 975
9056 2256 2336
6497 9185 1361
1880 1644 1180
5321 7139 4899
4000 8400 5600
4521 821 6341
5832 9900 156
8065 6359 55
7936 6944 9024
8625 9225 25
136 9036 5996
4217 9515 9851
5200 1024 4480
3401 1549 2749
5000 7500 7500
401 5151 1551
1152 3280 7696
2785 7889 8705
6216 204 7324
7625 9475 6275
4816 2416 8256
6137 1445 5941
5320 4204 1980
881 7159 8999
6000 6400 9600
2881 9081 6361
3672 9260 1836
7305 2219 8555
6896 1664 9024
9625 4525 5725
9096 8396 1116
8257 6975 7631
8240 9184 7680
3761 7969 3649
3000 5100 7900
7961 8611 2771
9392 9840 576
7625 7349 3605
5976 5324 4124
625 4375 4375
8976 2976 6576
6577 8105 2921
9960 3964 5580
8041 7979 6699
2000 3600 8400
1641 9741 2781
4312 7020 1916
9745 1279 7855
9456 5184 2624
6625 9025 8225
456 2156 6636
7097 6835 9811
6480 6544 9680
9721 1189 8149
9000 1900 7100
9921 8471 8391
4432 2800 3856
9665 2009 5305
3336 5244 4524
3625 8475 3275
9536 1936 3296
5817 5165 6301
3800 4924 3980
4801 1599 7999
121 121 121
8801 801 1601
5752 9180 4396
3385 7539 9955
3616 9504 9824
7625 2725 5525
2216 8316 8556
8737 5095 391
7920 7104 2480
9281 3209 6249
1000 7900 3100
4281 2731 4411
4272 8160 1536
6905 5869 5805
6296 1964 8524
4625 1775 975
4496 7296 4416
1857 8625 81
4840 1084 9180
9161 19 2899
8000 5600 2400
2361 261 8821
5992 1740 3276
6225 4999 6855
7376 6624 624
625 5625 5625
2376 4876 2876
1177 7755 3371
560 4864 8080
441 6029 7949
7000 3100 3900
9041 9391 6831
6912 1920 7616
7345 2929 7105
2856 7484 6124
1625 4275 5475
1856 7056 5936
2697 4485 8261
1080 6444 3180
9121 5239 1399
4000 400 3600
321 6121 441
3032 700 2556
6265 7659 555
8736 8544 5024
3625 7725 6525
8936 9836 5596
2417 815 2751
2400 3824 8480
1201 1649 3249
5000 7500 7500
2201 6451 1651
352 80 6096
8985 7189 1205
1016 3804 7324
2625 5975 4775
9616 9216 3856
6337 8745 4841
520 5004 7980
2681 9259 3499
6000 4400 1600
681 6381 2461
4872 2060 6236
1505 9519 3055
5696 7264 3024
4625 9025 6225
9896 1196 2716
457 275 2531
1440 7984 5680
9561 2069 2149
3000 1100 1900
1761 1911 4871
2592 8640 976
9825 2649 105
8776 2924 2124
5625 6875 6875
5776 1776 4176
777 7405 3821
1160 764 5580
7841 4079 9199
2000 7600 4400
1441 9041 881
9512 1820 8316
9945 4579 6355
6256 4784 4624
1625 9525 2725
3256 6956 236
3297 2135 6711
5680 1344 1680
3521 9289 4649
9000 3900 5100
5721 3771 2491
1632 3600 6256
7865 3309 5805
4136 6844 524
8625 6975 9775
8336 2736 2896
4017 6465 9201
1000 7724 7980
2601 1699 8499
121 121 121
601 2101 1701
4952 5980 2796
9585 6839 2455
8416 3104 9824
2625 9225 4025
7016 5116 4156
8937 2395 9291
3120 7904 8480
1081 5309 749
1000 5900 5100
2081 31 511
5472 960 5936
1105 3169 305
5096 7564 2524
9625 6275 1475
5296 96 6016
4057 1925 4981
8040 9884 7180
4961 4119 1399
8000 1600 6400
6161 3561 921
9192 540 3676
8425 299 3355
176 4224 8624
5625 8125 8125
9176 3676 476
5377 7055 4271
1760 1664 8080
241 2129 449
7000 7100 9900
8841 8691 4931
2112 6720 4016
7545 6229 5605
9656 7084 8124
6625 4775 9975
4656 1856 9536
8897 9785 5161
280 1244 5180
2921 3339 7899
4000 2400 1600
6121 1421 4541
232 1500 4956
4465 8959 1055
9536 144 1024
8625 6225 3025
7736 636 5196
617 2115 5651
9600 6624 2480
9001 1749 3749
5000 7500 7500
4001 7751 1751
9552 6880 4496
5185 6489 3705
5816 7404 7324
7625 2475 3275
4416 6016 9456
6537 6045 3741
5720 5804 3980
4481 1359 7999
6000 2400 3600
8481 3681 8561
6072 4860 636
5705 6819 7555
4496 2864 7024
9625 3525 6725
696 3996 4316
2657 3575 7431
4640 6784 3680
5361 6169 649
3000 7100 5900
5561 5211 6971
5792 7440 1376
2025 7949 6605
1576 524 124
625 9375 9375
2576 576 1776
4977 6705 4721
2360 7564 5580
7641 179 1699
2000 1600 400
1241 8341 8981
4712 6620 4716
145 7879 4855
3056 4384 6624
6625 25 7225
6056 1756 3836
9497 7435 3611
4880 6144 3680
7321 7389 1149
9000 5900 3100
1521 9071 6591
8832 4400 8656
6065 4609 6305
4936 8444 6524
3625 5475 6275
7136 3536 2496
2217 7765 2101
8200 524 1980
401 1799 8999
121 121 121
2401 3401 1801
4152 2780 1196
5785 6139 4955
3216 6704 9824
7625 5725 2525
1816 1916 9756
9137 9695 8191
8320 8704 4480
2881 7409 5249
1000 3900 7100
9881 7331 6611
6672 3760 336
5305 469 4805
3896 3164 6524
4625 775 1975
6096 2896 7616
6257 5225 9881
1240 8684 5180
761 8219 9899
8000 7600 400
9961 6861 3021
2392 9340 4076
625 5599 9855
2976 1824 6624
625 625 625
5976 2476 8076
9577 6355 5171
2960 8464 8080
41 8229 2949
7000 1100 5900
8641 7991 3031
7312 1520 416
7745 9529 4105
6456 6684 124
1625 5275 4475
7456 6656 3136
5097 5085 2061
9480 6044 7180
6721 1439 4399
4000 4400 9600
1921 6721 8641
7432 2300 7356
2665 259 1555
336 1744 7024
3625 4725 9525
6536 1436 4796
8817 3415 8551
6800 9424 6480
6801 1849 4249
5000 7500 7500
5801 9051 1851
8752 3680 2896
1385 5789 6205
616 1004 7324
2625 8975 1775
9216 2816 5056
6737 3345 2641
920 6604 9980
6281 3459 2499
6000 400 5600
6281 981 4661
7272 7660 5036
9905 4119 2055
3296 8464 1024
4625 8025 7225
1496 6796 5916
4857 6875 2331
7840 5584 1680
1161 269 9149
3000 3100 9900
9361 8511 9071
8992 6240 1776
4225 3249 3105
4376 8124 8124
5625 1875 1875
9376 9376 9376
9177 6005 5621
3560 4364 5580
7441 6279 4199
2000 5600 6400
1041 7641 7081
9912 1420 1116
345 1179 3355
9856 3984 8624
1625 525 1725
8856 6556 7436
5697 2735 511
4080 944 5680
1121 5489 7649
9000 7900 1100
7321 4371 691
6032 5200 1056
4265 5909 6805
5736 44 2524
8625 3975 2775
5936 4336 2096
417 9065 5001
5400 3324 5980
8201 1899 9499
121 121 121
4201 4701 1901
3352 9580 9596
1985 5439 7455
8016 304 9824
2625 2225 1025
6616 8716 5356
9337 6995 7091
3520 9504 480
4681 9509 9749
1000 1900 9100
7681 4631 2711
7872 6560 4736
9505 7769 9305
2696 8764 524
9625 5275 2475
6896 5696 9216
8457 8525 4781
4440 7484 3180
6561 2319 8399
8000 3600 4400
3761 161 5121
5592 8140 4476
2825 899 6355
5776 9424 4624
5625 3125 3125
2776 1276 5676
3777 5655 6071
4160 5264 8080
9841 4329 5449
7000 5100 1900
8441 7291 1131
2512 6320 6816
7945 2829 2605
3256 6284 2124
6625 5775 8975
256 1456 6736
1297 385 8961
8680 844 9180
521 9539 899
4000 6400 7600
7721 2021 2741
4632 3100 9756
865 1559 2055
1136 3344 3024
8625 3225 6025
5336 2236 4396
7017 4715 1451
4000 2224 480
4601 1949 4749
5000 7500 7500
7601 351 1951
7952 480 1296
7585 5089 8705
5416 4604 7324
7625 5475 275
4016 9616 656
6937 645 1541
6120 7404 5980
8081 5559 6999
6000 8400 7600
4081 8281 761
8472 460 9436
4105 1419 6555
2096 4064 5024
9625 2525 7725
2296 9596 7516
7057 175 7231
1040 4384 9680
6961 4369 7649
3000 9100 3900
3161 1811 1171
2192 5040 2176
6425 8549 9605
7176 5724 6124
625 4375 4375
6176 8176 6976
3377 5305 6521
4760 1164 5580
7241 2379 6699
2000 9600 2400
841 6941 5181
5112 6220 7516
545 4479 1855
6656 3584 624
6625 1025 6225
1656 1356 1036
1897 8035 7411
3280 5744 7680
4921 3589 4149
9000 9900 9100
3121 9671 4791
3232 6000 3456
2465 7209 7305
6536 1644 8524
3625 2475 9275
4736 5136 1696
8617 365 7901
2600 6124 9980
6001 1999 9999
121 121 121
6001 6001 2001
2552 6380 7996
8185 4739 9955
2816 3904 9824
7625 8725 9525
1416 5516 956
9537 4295 5991
8720 304 6480
6481 1609 4249
1000 9900 1100
5481 1931 8811
9072 9360 9136
3705 5069 3805
1496 4364 4524
4625 9775 2975
7696 8496 816
657 1825 9681
7640 6284 1180
2361 6419 6899
8000 9600 8400
7561 3461 7221
8792 6940 4876
5025 6199 2855
8576 7024 2624
625 5625 5625
9576 76 3276
7977 4955 6971
5360 2064 8080
9641 429 7949
7000 9100 7900
8241 6591 9231
7712 1120 3216
8145 6129 1105
56 5884 4124
1625 6275 3475
3056 6256 336
7497 5685 5861
7880 5644 1180
4321 7639 7399
4000 8400 5600
3521 7321 6841
1832 3900 2156
9065 2859 2555
1936 4944 9024
3625 1725 2525
4136 3036 3996
5217 6015 4351
1200 5024 4480
2401 2049 5249
5000 7500 7500
9401 1651 2051
7152 7280 9696
3785 4389 1205
216 8204 7324
2625 1975 8775
8816 6416 6256
7137 7945 441
1320 8204 1980
9881 7659 1499
6000 6400 9600
1881 5581 6861
9672 3260 3836
8305 8719 1055
896 9664 9024
4625 7025 8225
3096 2396 9116
9257 3475 2131
4240 3184 7680
2761 8469 6149
3000 5100 7900
6961 5111 3271
5392 3840 2576
8625 3849 6105
9976 3324 4124
5625 6875 6875
2976 6976 4576
7577 4605 7421
5960 7964 5580
7041 8479 9199
2000 3600 8400
641 6241 3281
312 1020 3916
745 7779 355
3456 3184 2624
1625 1525 725
4456 6156 4636
8097 3335 4311
2480 544 9680
8721 1689 649
9000 1900 7100
8921 4971 8891
432 6800 5856
665 8509 7805
7336 3244 4524
8625 975 5775
3536 5936 1296
6817 1665 801
9800 8924 3980
3801 2099 499
121 121 121
7801 7301 2101
1752 3180 6396
4385 4039 2455
7616 7504 9824
2625 5225 8025
6216 2316 6556
9737 1595 4891
3920 1104 2480
8281 3709 8749
1000 7900 3100
3281 9231 4911
272 2160 3536
7905 2369 8305
296 9964 8524
9625 4275 3475
8496 1296 2416
2857 5125 4581
840 5084 9180
8161 519 5399
8000 5600 2400
1361 6761 9321
1992 5740 5276
7225 1499 9355
1376 4624 624
5625 8125 8125
6376 8876 876
2177 4255 7871
6560 8864 8080
9441 6529 449
7000 3100 3900
8041 5891 7331
2912 5920 9616
8345 9429 9605
6856 5484 6124
6625 6775 7975
5856 1056 3936
3697 985 2761
7080 444 3180
8121 5739 3899
4000 400 3600
9321 2621 941
9032 4700 4556
7265 4159 3055
2736 6544 5024
8625 225 9025
2936 3836 3596
3417 7315 7251
8400 7824 8480
201 2149 5749
5000 7500 7500
1201 2951 2151
6352 4080 8096
9985 3689 3705
5016 1804 7324
7625 8475 7275
3616 3216 1856
7337 5245 9341
6520 9004 7980
1681 9759 5999
6000 4400 1600
9681 2881 2961
872 6060 8236
2505 6019 5555
9696 5264 3024
9625 1525 8725
3896 5196 716
1457 6775 7031
7440 1984 5680
8561 2569 4649
3000 1100 1900
761 8411 5371
8592 2640 2976
825 9149 2605
2776 924 2124
625 9375 9375
9776 5776 2176
1777 3905 8321
7160 4764 5580
6841 4579 1699
2000 7600 4400
441 5541 1381
5512 5820 316
945 1079 8855
256 2784 4624
6625 2025 5225
7256 956 8236
4297 8635 1211
1680 5344 1680
2521 9789 7149
9000 3900 5100
4721 271 2991
7632 7600 8256
8865 9809 8305
8136 4844 524
3625 9475 2275
2336 6736 896
5017 2965 3701
7000 1724 7980
1601 2199 999
121 121 121
9601 8601 2201
952 9980 4796
585 3339 4955
2416 1104 9824
7625 1725 6525
1016 9116 2156
9937 8895 3791
9120 1904 8480
81 5809 3249
1000 5900 5100
1081 6531 1011
1472 4960 7936
2105 9669 2805
9096 5564 2524
4625 8775 3975
9296 4096 4016
5057 8425 9481
4040 3884 7180
3961 4619 3899
8000 1600 6400
5161 61 1421
5192 4540 5676
9425 6799 5855
4176 2224 8624
625 625 625
3176 7676 8476
6377 3555 8771
7760 5664 8080
9241 2629 2949
7000 7100 9900
7841 5191 5431
8112 720 6016
8545 2729 8105
3656 5084 8124
1625 7275 2475
8656 5856 7536
9897 6285 9661
6280 5244 5180
1921 3839 399
4000 2400 1600
5121 7921 5041
6232 5500 6956
5465 5459 3555
3536 8144 1024
3625 8725 5525
1736 4636 3196
1617 8615 151
5600 624 2480
8001 2249 6249
5000 7500 7500
3001 4251 2251
5552 880 6496
6185 2989 6205
9816 5404 7324
2625 4975 5775
8416 16 7456
7537 2545 8241
1720 9804 3980
3481 1859 499
6000 2400 3600
7481 181 9061
2072 8860 2636
6705 3319 55
8496 864 7024
4625 6025 9225
4696 7996 2316
3657 75 1931
640 784 3680
4361 6669 3149
3000 7100 5900
4561 1711 7471
1792 1440 3376
3025 4449 9105
5576 8524 124
5625 1875 1875
6576 4576 9776
5977 3205 9221
8360 1564 5580
6641 679 4199
2000 1600 400
241 4841 9481
712 620 6716
1145 4379 7355
7056 2384 6624
1625 2525 9725
56 5756 1836
497 3935 8111
880 144 3680
6321 7889 3649
9000 5900 3100
521 5571 7091
4832 8400 656
7065 1109 8805
8936 6444 6524
8625 7975 8775
1136 7536 496
3217 4265 6601
4200 4524 1980
9401 2299 1499
121 121 121
1401 9901 2301
152 6780 3196
6785 2639 7455
7216 4704 9824
2625 8225 5025
5816 5916 7756
137 6195 2691
4320 2704 4480
1881 7909 7749
1000 3900 7100
8881 3831 7111
2672 7760 2336
6305 6969 7305
7896 1164 6524
9625 3275 4475
96 6896 5616
7257 1725 4381
7240 2684 5180
9761 8719 2399
8000 7600 400
8961 3361 3521
8392 3340 6076
1625 2099 2355
6976 9824 6624
5625 3125 3125
9976 6476 6076
577 2855 9671
8960 2464 8080
9041 8729 5449
7000 1100 5900
7641 4491 3531
3312 5520 2416
8745 6029 6605
456 4684 124
6625 7775 6975
1456 656 1136
6097 1585 6561
5480 44 7180
5721 1939 6899
4000 4400 9600
921 3221 9141
3432 6300 9356
3665 6759 4055
4336 9744 7024
8625 7225 2025
536 5436 2796
9817 9915 3051
2800 3424 6480
5801 2349 6749
5000 7500 7500
4801 5551 2351
4752 7680 4896
2385 2289 8705
4616 9004 7324
7625 1475 4275
3216 6816 3056
7737 9845 7141
6920 604 9980
5281 3959 4999
6000 400 5600
5281 7481 5161
3272 1660 7036
905 619 4555
7296 6464 1024
9625 525 9725
5496 796 3916
5857 3375 6831
3840 9584 1680
161 769 1649
3000 3100 9900
8361 5011 9571
4992 240 3776
5225 9749 5605
8376 6124 8124
625 4375 4375
3376 3376 7376
177 2505 121
9560 8364 5580
6441 6779 6699
2000 5600 6400
41 4141 7581
5912 5420 3116
1345 7679 5855
3856 1984 8624
6625 3025 4225
2856 556 5436
6697 9235 5011
80 4944 5680
121 5989 149
9000 7900 1100
6321 871 1191
2032 9200 3056
5265 2409 9305
9736 8044 2524
3625 6475 5275
9936 8336 96
1417 5565 9501
1400 7324 5980
7201 2399 1999
121 121 121
3201 1201 2401
9352 3580 1596
2985 1939 9955
2016 8304 9824
7625 4725 3525
616 2716 3356
337 3495 1591
9520 3504 480
3681 9 2249
1000 1900 9100
6681 1131 3211
3872 560 6736
505 4269 1805
6696 6764 524
4625 7775 4975
896 9696 7216
9457 5025 9281
440 1484 3180
5561 2819 899
8000 3600 4400
2761 6661 5621
1592 2140 6476
3825 7399 8855
9776 7424 4624
625 5625 5625
6776 5276 3676
4777 2155 571
160 9264 8080
8841 4829 7949
7000 5100 1900
7441 3791 1631
8512 320 8816
8945 9329 5105
7256 4284 2124
1625 8275 1475
4256 5456 4736
2297 6885 3461
4680 4844 9180
9521 39 3399
4000 6400 7600
6721 8521 3241
632 7100 1756
1865 8059 4555
5136 1344 3024
3625 5725 8525
9336 6236 2396
8017 1215 5951
121 6224 480
3601 2449 7249
5000 7500 7500
6601 6851 2451
3952 4480 3296
8585 1589 1205
9416 2604 7324
2625 7975 2775
8016 3616 8656
7937 7145 6041
2120 1404 5980
7081 6059 9499
6000 8400 7600
3081 4781 1261
4472 4460 1436
5105 7919 9055
6096 2064 5024
4625 5025 225
6296 3596 5516
8057 6675 1731
7040 8384 9680
5961 4869 149
3000 9100 3900
2161 8311 1671
8192 9040 4176
7425 5049 2105
1176 3724 6124
5625 6875 6875
176 2176 4976
4377 1805 1021
760 5164 5580
6241 2879 9199
2000 9600 2400
9841 3441 5681
1112 220 9516
1545 979 4355
656 1584 624
1625 3525 8725
5656 5356 9036
2897 4535 1911
9280 9744 7680
3921 4089 6649
9000 9900 9100
2121 6171 5291
9232 121 5456
3465 3709 9805
536 9644 8524
8625 4975 1775
8736 9136 9696
9617 6865 2401
8600 124 9980
5001 2499 2499
121 121 121
5001 2501 2501
8552 380 9996
9185 1239 2455
6816 1904 9824
2625 1225 2025
5416 9516 8956
537 795 491
4720 4304 6480
5481 2109 6749
1000 9900 1100
4481 8431 9311
5072 3360 1136
4705 1569 6305
5496 2364 4524
9625 2275 5475
1696 2496 8816
1657 8325 4181
3640 284 1180
1361 6919 9399
8000 9600 8400
6561 9961 7721
4792 940 6876
6025 2699 5355
2576 5024 2624
5625 8125 8125
3576 4076 1276
8977 1455 1471
1360 6064 8080
8641 929 449
7000 9100 7900
7241 3091 9731
3712 5120 5216
9145 2629 3605
4056 3884 4124
6625 8775 5975
7056 256 8336
8497 2185 361
3880 9644 1180
3321 8139 9899
4000 8400 5600
2521 3821 7341
7832 7900 4156
65 9359 5055
5936 2944 9024
8625 4225 5025
8136 7036 1996
6217 2515 8851
7200 9024 4480
1401 2549 7749
5000 7500 7500
8401 8151 2551
3152 1280 1696
4785 889 3705
4216 6204 7324
7625 4475 1275
2816 416 4256
8137 4445 4941
7320 2204 1980
8881 8159 3999
6000 6400 9600
881 2081 7361
5672 7260 5836
9305 5219 3555
4896 7664 9024
9625 9525 725
7096 6396 7116
257 9975 6631
240 7184 7680
1761 8969 8649
3000 5100 7900
5961 1611 3771
1392 7840 4576
9625 349 8605
3976 1324 4124
625 9375 9375
6976 976 2576
8577 1105 1921
1960 1964 5580
6041 8979 1699
2000 3600 8400
9641 2741 3781
6312 5020 5916
1745 4279 2855
7456 1184 2624
6625 4025 3225
8456 156 2636
9097 9835 8811
8480 4544 9680
7721 2189 3149
9000 1900 7100
7921 1471 9391
6432 800 7856
1665 5009 305
1336 1244 4524
3625 3475 8275
7536 9936 9296
7817 8165 5301
5800 2924 3980
2801 2599 2999
121 121 121
6801 3801 2601
7752 7180 8396
5385 539 4955
1616 5504 9824
7625 7725 525
216 6316 4556
737 8095 9391
9920 5104 2480
7281 4209 1249
1000 7900 3100
2281 5731 5411
6272 6160 5536
8905 8869 805
4296 7964 8524
4625 6775 5975
2496 5296 416
3857 1625 9081
6840 9084 9180
7161 1019 7899
8000 5600 2400
361 3261 9821
7992 9740 7276
8225 7999 1855
5376 2624 624
625 625 625
376 2876 8876
3177 755 2371
2560 2864 8080
8441 7029 2949
7000 3100 3900
7041 2391 7831
8912 9920 1616
9345 5929 2105
856 3484 6124
1625 9275 475
9856 5056 1936
4697 7485 7261
3080 4444 3180
7121 6239 6399
4000 400 3600
8321 9121 1441
5032 8700 6556
8265 659 5555
6736 4544 5024
3625 2725 1525
6936 7836 1596
4417 3815 1751
4400 1824 8480
9201 2649 8249
5000 7500 7500
201 9451 2651
2352 8080 96
985 189 6205
9016 9804 7324
2625 975 9775
7616 7216 9856
8337 1745 3841
2520 3004 7980
681 259 8499
6000 4400 1600
8681 9381 3461
6872 60 236
3505 2519 8055
3696 3264 3024
4625 4025 1225
7896 9196 8716
2457 3275 1531
3440 5984 5680
7561 3069 7149
3000 1100 1900
9761 4911 5871
4592 6640 4976
1825 5649 5105
6776 8924 2124
5625 1875 1875
3776 9776 176
2777 405 2821
3160 8764 5580
5841 5079 4199
2000 7600 4400
9441 2041 1881
1512 9820 2316
1945 7579 1355
4256 784 4624
1625 4525 7725
1256 4956 6236
5297 5135 5711
7680 9344 1680
1521 289 9649
9000 3900 5100
3721 6771 3491
3632 1600 256
9865 6309 805
2136 2844 524
8625 1975 4775
6336 736 8896
6017 9465 8201
3000 5724 7980
601 2699 3499
121 121 121
8601 5101 2701
6952 3980 6796
1585 9839 7455
6416 9104 9824
2625 4225 9025
5016 3116 156
937 5395 8291
5120 5904 8480
9081 6309 5749
1000 5900 5100
81 3031 1511
7472 8960 9936
3105 6169 5305
3096 3564 2524
9625 1275 6475
3296 8096 2016
6057 4925 3981
40 7884 7180
2961 5119 6399
8000 1600 6400
4161 6561 1921
1192 8540 7676
425 3299 8355
8176 224 8624
5625 3125 3125
7176 1676 6476
7377 55 3271
3760 9664 8080
8241 3129 5449
7000 7100 9900
6841 1691 5931
4112 4720 8016
9545 9229 605
7656 3084 8124
6625 9775 4975
2656 9856 5536
897 2785 4161
2280 9244 5180
921 4339 2899
4000 2400 1600
4121 4421 5541
2232 9500 8956
6465 1959 6055
7536 6144 1024
8625 1225 8025
5736 8636 1196
2617 5115 4651
1600 4624 2480
7001 2749 8749
5000 7500 7500
2001 751 2751
1552 4880 8496
7185 9489 8705
3816 3404 7324
7625 7475 8275
2416 4016 5456
8537 9045 2741
7720 3804 3980
2481 2359 2999
6000 2400 3600
6481 6681 9561
8072 2860 4636
7705 9819 2555
2496 8864 7024
9625 8525 1725
8696 1996 316
4657 6575 6431
6640 4784 3680
3361 7169 5649
3000 7100 5900
3561 8211 7971
7792 5440 5376
4025 949 1605
9576 6524 124
625 4375 4375
576 8576 7776
6977 9705 3721
4360 5564 5580
5641 1179 6699
2000 1600 400
9241 1341 9981
6712 4620 8716
2145 879 9855
1056 384 6624
6625 5025 2225
4056 9756 9836
1497 435 2611
6880 4144 3680
5321 8389 6149
9000 5900 3100
9521 2071 7591
832 2400 2656
8065 7609 1305
2936 4444 6524
3625 475 1275
5136 1536 8496
4217 765 1101
200 8524 1980
8401 2799 3999
121 121 121
401 6401 2801
6152 780 5196
7785 9139 9955
1216 2704 9824
7625 725 7525
9816 9916 5756
1137 2695 7191
320 6704 4480
881 8409 249
1000 3900 7100
7881 331 7611
8672 1760 4336
7305 3469 9805
1896 9164 6524
4625 5775 6975
4096 896 3616
8257 8225 8881
3240 6684 5180
8761 9219 4899
8000 7600 400
7961 9861 4021
4392 7340 8076
2625 8599 4855
976 7824 6624
625 5625 5625
3976 476 4076
1577 9355 4171
4960 6464 8080
8041 9229 7949
7000 1100 5900
6641 991 4031
9312 9520 4416
9745 2529 9105
4456 2684 124
1625 275 9475
5456 4656 9136
7097 8085 1061
1480 4044 7180
4721 2439 9399
4000 4400 9600
9921 9721 9641
9432 300 1356
4665 3259 6555
8336 7744 7024
3625 9725 4525
4536 9436 796
817 6415 7551
8800 7424 6480
4801 2849 9249
5000 7500 7500
3801 2051 2851
752 1680 6896
3385 8789 1205
8616 7004 7324
2625 3975 6775
7216 816 1056
8737 6345 1641
2920 4604 9980
4281 4459 7499
6000 400 5600
4281 3981 5661
9272 5660 9036
1905 7119 7055
1296 4464 1024
4625 3025 2225
9496 4796 1916
6857 9875 1331
9840 3584 1680
9161 1269 4149
3000 3100 9900
7361 1511 71
992 4240 5776
6225 6249 8105
2376 4124 8124
5625 6875 6875
7376 7376 5376
1177 9005 4621
5560 2364 5580
5441 7279 9199
2000 5600 6400
9041 641 8081
1912 9420 5116
2345 4179 8355
7856 9984 8624
1625 5525 6725
6856 4556 3436
7697 5735 9511
6080 8944 5680
9121 6489 2649
9000 7900 1100
5321 7371 1691
8032 3200 5056
6265 8909 1805
3736 6044 2524
8625 8975 7775
3936 2336 8096
2417 2065 4001
7400 1324 5980
6201 2899 4499
121 121 121
2201 7701 2901
5352 7580 3596
3985 8439 2455
6016 6304 9824
2625 7225 6025
4616 6716 1356
1337 9995 6091
5520 7504 480
2681 509 4749
1000 1900 9100
5681 7631 3711
9872 4560 8736
1505 769 4305
696 4764 524
9625 275 7475
4896 3696 5216
457 1525 3781
6440 5484 3180
4561 3319 3399
8000 3600 4400
1761 3161 6121
7592 6140 8476
4825 3899 1355
3776 5424 4624
5625 8125 8125
776 9276 1676
5777 8655 5071
6160 3264 8080
7841 5329 449
7000 5100 1900
6441 291 2131
4512 4320 816
9945 5829 7605
1256 2284 2124
6625 775 3975
8256 9456 2736
3297 3385 7961
680 8844 9180
8521 539 5899
4000 6400 7600
5721 5021 3741
6632 1100 3756
2865 4559 7055
9136 9344 3024
8625 8225 1025
3336 236 396
9017 7715 451
6000 224 480
2601 2949 9749
5000 7500 7500
5601 3351 2951
9952 8480 5296
9585 8089 3705
3416 604 7324
7625 475 5275
2016 7616 6656
8937 3645 541
8120 5404 5980
6081 6559 1999
6000 8400 7600
2081 1281 1761
472 8460 3436
6105 4419 1555
96 64 5024
9625 7525 2725
296 7596 3516
9057 3175 6231
3040 2384 9680
4961 5369 2649
3000 9100 3900
1161 4811 2171
4192 3040 6176
8425 1549 4605
5176 1724 6124
625 9375 9375
4176 6176 2976
5377 8305 5521
6760 9164 5580
5241 3379 1699
2000 9600 2400
8841 9941 6181
7112 4220 1516
2545 7479 6855
4656 9584 624
6625 6025 1225
9656 9356 7036
3897 1035 6411
5280 3744 7680
2921 4589 9149
9000 9900 9100
1121 2671 5791
5232 4000 7456
4465 209 2305
4536 7644 8524
3625 7475 4275
2736 3136 7696
617 3365 6901
4600 4124 9980
4001 2999 4999
121 121 121
4001 9001 3001
4552 4380 1996
185 7739 4955
816 9904 9824
7625 3725 4525
9416 3516 6956
1537 7295 4991
720 8304 6480
4481 2609 9249
1000 9900 1100
3481 4931 9811
1072 7360 3136
5705 8069 8805
9496 364 4524
4625 4775 7975
5696 6496 6816
2657 4825 8681
9640 4284 1180
361 7419 1899
8000 9600 8400
5561 6461 8221
792 4940 8876
7025 9199 7855
6576 3024 2624
625 625 625
7576 8076 9276
9977 7955 5971
7360 64 8080
7641 1429 2949
7000 9100 7900
6241 9591 231
9712 9120 7216
145 9129 6105
8056 1884 4124
1625 1275 8475
1056 4256 6336
9497 8685 4861
9880 3644 1180
2321 8639 2399
4000 8400 5600
1521 321 7841
3832 1900 6156
1065 5859 7555
9936 944 9024
3625 6725 7525
2136 1036 9996
7217 9015 3351
3200 3024 4480
401 3049 249
5000 7500 7500
7401 4651 3051
9152 5280 3696
5785 7389 6205
8216 4204 7324
2625 6975 3775
6816 4416 2256
9137 945 9441
3320 6204 1980
7881 8659 6499
6000 6400 9600
9881 8581 7861
1672 1260 7836
305 1719 6055
8896 5664 9024
4625 2025 3225
1096 396 5116
1257 6475 1131
6240 1184 7680
761 9469 1149
3000 5100 7900
4961 8111 4271
7392 1840 6576
625 6849 1105
7976 9324 4124
5625 1875 1875
976 4976 576
9577 7605 6421
7960 5964 5580
5041 9479 4199
2000 3600 8400
8641 9241 4281
2312 9020 7916
2745 779 5355
1456 9184 2624
1625 6525 5725
2456 4156 636
97 6335 3311
4480 8544 9680
6721 2689 5649
9000 1900 7100
6921 7971 9891
2432 4800 9856
2665 1509 2805
5336 9244 4524
8625 5975 775
1536 3936 7296
8817 4665 9801
1800 6924 3980
1801 3099 5499
121 121 121
5801 301 3101
3752 1180 396
6385 7039 7455
5616 3504 9824
2625 225 3025
4216 316 2556
1737 4595 3891
5920 9104 2480
6281 4709 3749
1000 7900 3100
1281 2231 5911
2272 160 7536
9905 5369 3305
8296 5964 8524
9625 9275 8475
6496 9296 8416
4857 8125 3581
2840 3084 9180
6161 1519 399
8000 5600 2400
9361 9761 321
3992 3740 9276
9225 4499 4355
9376 624 624
5625 3125 3125
4376 6876 6876
4177 7255 6871
8560 6864 8080
7441 7529 5449
7000 3100 3900
6041 8891 8331
4912 3920 3616
345 2429 4605
4856 1484 6124
6625 1775 2975
3856 9056 9936
5697 3985 1761
9080 8444 3180
6121 6739 8899
4000 400 3600
7321 5621 1941
1032 2700 8556
9265 7159 8055
736 2544 5024
8625 5225 4025
936 1836 9596
5417 315 6251
400 5824 8480
8201 3149 749
5000 7500 7500
9201 5951 3151
8352 2080 2096
1985 6689 8705
3016 7804 7324
7625 3475 2275
1616 1216 7856
9337 8245 8341
8520 7004 7980
9681 759 999
6000 4400 1600
7681 5881 3961
2872 4060 2236
4505 9019 555
7696 1264 3024
9625 6525 3725
1896 3196 6716
3457 9775 6031
9440 9984 5680
6561 3569 9649
3000 1100 1900
8761 1411 6371
592 640 6976
2825 2149 7605
776 6924 2124
625 4375 4375
7776 3776 8176
3777 6905 7321
9160 2764 5580
4841 5579 6699
2000 7600 4400
8441 8541 2381
7512 3820 4316
2945 4079 3855
8256 8784 4624
6625 7025 225
5256 8956 4236
6297 1635 211
3680 3344 1680
521 789 2149
9000 3900 5100
2721 3271 3991
9632 5600 2256
865 2809 3305
6136 844 524
3625 4475 7275
336 4736 6896
7017 5965 2701
9000 9724 7980
9601 3199 5999
121 121 121
7601 1601 3201
2952 7980 8796
2585 6339 9955
416 7104 9824
7625 6725 1525
9016 7116 8156
1937 1895 2791
1120 9904 8480
8081 6809 8249
1000 5900 5100
9081 9531 2011
3472 2960 1936
4105 2669 7805
7096 1564 2524
4625 3775 8975
7296 2096 16
7057 1425 8481
6040 1884 7180
1961 5619 8899
8000 1600 6400
3161 3061 2421
7192 2540 9676
1425 9799 855
2176 8224 8624
625 5625 5625
1176 5676 4476
8377 6555 7771
9760 3664 8080
7241 3629 7949
7000 7100 9900
5841 8191 6431
112 8720 16
545 5729 3105
1656 1084 8124
1625 2275 7475
6656 3856 3536
1897 9285 8661
8280 3244 5180
9921 4839 5399
4000 2400 1600
3121 921 6041
8232 3500 956
7465 8459 8555
1536 4144 1024
3625 3725 525
9736 2636 9196
3617 1615 9151
7600 8624 2480
6001 3249 1249
5000 7500 7500
1001 7251 3251
7552 8880 496
8185 5989 1205
7816 1404 7324
2625 9975 775
6416 8016 3456
9537 5545 7241
3720 7804 3980
1481 2859 5499
6000 2400 3600
5481 3181 61
4072 6860 6636
8705 6319 5055
6496 6864 7024
4625 1025 4225
2696 5996 8316
5657 3075 931
2640 8784 3680
2361 7669 8149
3000 7100 5900
2561 4711 8471
3792 9440 7376
5025 7449 4105
3576 4524 124
5625 6875 6875
4576 2576 5776
7977 6205 8221
360 9564 5580
4641 1679 9199
2000 1600 400
8241 7841 481
2712 8620 716
3145 7379 2355
5056 8384 6624
1625 7525 4725
8056 3756 7836
2497 6935 7111
2880 8144 3680
4321 8889 8649
9000 5900 3100
8521 8571 8091
6832 6400 4656
9065 4109 3805
6936 2444 6524
8625 2975 3775
9136 5536 6496
5217 7265 5601
6200 2524 1980
7401 3299 6499
121 121 121
9401 2901 3301
2152 4780 7196
8785 5639 2455
5216 704 9824
2625 3225 25
3816 3916 3756
2137 9195 1691
6320 704 4480
9881 8909 2749
1000 3900 7100
6881 6831 8111
4672 5760 6336
8305 9969 2305
5896 7164 6524
9625 8275 9475
8096 4896 1616
9257 4725 3381
9240 684 5180
7761 9719 7399
8000 7600 400
6961 6361 4521
392 1340 76
3625 5099 7355
4976 5824 6624
5625 8125 8125
7976 4476 2076
2577 5855 8671
960 464 8080
7041 9729 449
7000 1100 5900
5641 7491 4531
5312 3520 6416
745 9029 1605
8456 684 124
6625 2775 1975
9456 8656 7136
8097 4585 5561
7480 8044 7180
3721 2939 1899
4000 4400 9600
8921 6221 141
5432 4300 3356
5665 9759 9055
2336 5744 7024
8625 2225 7025
8536 3436 8796
1817 2915 2051
4800 1424 6480
3801 3349 1749
5000 7500 7500
2801 8551 3351
6752 5680 8896
4385 5289 3705
2616 5004 7324
7625 6475 9275
1216 4816 9056
9737 2845 6141
8920 8604 9980
3281 4959 9999
6000 400 5600
3281 481 6161
5272 9660 1036
2905 3619 9555
5296 2464 1024
9625 5525 4725
3496 8796 9916
7857 6375 5831
5840 7584 1680
8161 1769 6649
3000 3100 9900
6361 8011 571
6992 8240 7776
7225 2749 605
6376 2124 8124
625 9375 9375
1376 1376 3376
2177 5505 9121
1560 6364 5580
4441 7779 1699
2000 5600 6400
8041 7141 8581
7912 3420 7116
3345 679 855
1856 7984 8624
6625 8025 9225
856 8556 1436
8697 2235 4011
2080 2944 5680
8121 6989 5149
9000 7900 1100
4321 3871 2191
4032 7200 7056
7265 5409 4305
7736 4044 2524
3625 1475 275
7936 6336 6096
3417 8565 8501
3400 5324 5980
5201 3399 6999
121 121 121
1201 4201 3401
1352 1580 5596
4985 4939 4955
16 4304 9824
7625 9725 8525
8616 716 9356
2337 6495 591
1520 1504 480
1681 1009 7249
1000 1900 9100
4681 4131 4211
5872 8560 736
2505 7269 6805
4696 2764 524
4625 2775 9975
8896 7696 3216
1457 8025 8281
2440 9484 3180
3561 3819 5899
8000 3600 4400
761 9661 6621
3592 140 476
5825 399 3855
7776 3424 4624
625 625 625
4776 3276 9676
6777 5155 9571
2160 7264 8080
6841 5829 2949
7000 5100 1900
5441 6791 2631
512 8320 2816
945 2329 105
5256 284 2124
1625 3275 6475
2256 3456 736
4297 9885 2461
6680 2844 9180
7521 1039 8399
4000 6400 7600
4721 1521 4241
2632 5100 5756
3865 1059 9555
3136 7344 3024
3625 725 3525
7336 4236 8396
17 4215 4951
2000 4224 480
1601 3449 2249
5000 7500 7500
4601 9851 3451
5952 2480 7296
585 4589 6205
7416 8604 7324
2625 2975 7775
6016 1616 4656
9937 145 5041
4120 9404 5980
5081 7059 4499
6000 8400 7600
1081 7781 2261
6472 2460 5436
7105 919 4055
4096 8064 5024
4625 25 5225
4296 1596 1516
57 9675 731
9040 6384 9680
3961 5869 5149
3000 9100 3900
161 1311 2671
192 7040 8176
9425 8049 7105
9176 9724 6124
5625 1875 1875
8176 176 976
6377 4805 21
2760 3164 5580
4241 3879 4199
2000 9600 2400
7841 6441 6681
3112 8220 3516
3545 3979 9355
8656 7584 624
1625 8525 3725
3656 3356 5036
4897 7535 911
1280 7744 7680
1921 5089 1649
9000 9900 9100
121 9171 6291
1232 8000 9456
5465 6709 4805
8536 5644 8524
8625 9975 6775
6736 7136 5696
1617 9865 1401
600 8124 9980
3001 3499 7499
121 121 121
3001 5501 3501
552 8380 3996
1185 4239 7455
4816 7904 9824
2625 6225 7025
3416 7516 4956
2537 3795 9491
6720 2304 6480
3481 3109 1749
1000 9900 1100
2481 1431 311
7072 1360 5136
6705 4569 1305
3496 8364 4524
9625 7275 475
9696 496 4816
3657 1325 3181
5640 8284 1180
9361 7919 4399
8000 9600 8400
4561 2961 8721
6792 8940 876
8025 5699 355
576 1024 2624
5625 3125 3125
1576 2076 7276
977 4455 471
3360 4064 8080
6641 1929 5449
7000 9100 7900
5241 6091 731
5712 3120 9216
1145 5629 8605
2056 9884 4124
6625 3775 975
5056 8256 4336
497 5185 9361
5880 7644 1180
1321 9139 4899
4000 8400 5600
521 6821 8341
9832 5900 8156
2065 2359 55
3936 8944 9024
8625 9225 25
6136 5036 7996
8217 5515 7851
9200 7024 4480
9401 3549 2749
5000 7500 7500
6401 1151 3551
5152 9280 5696
6785 3889 8705
2216 2204 7324
7625 9475 6275
816 8416 256
137 7445 3941
9320 204 1980
6881 9159 8999
6000 6400 9600
8881 5081 8361
7672 5260 9836
1305 8219 8555
2896 3664 9024
9625 4525 5725
5096 4396 3116
2257 2975 5631
2240 5184 7680
9761 9969 3649
3000 5100 7900
3961 4611 4771
3392 5840 8576
1625 3349 3605
1976 7324 4124
625 4375 4375
4976 8976 8576
577 4105 921
3960 9964 5580
4041 9979 6699
2000 3600 8400
7641 5741 4781
8312 3020 9916
3745 7279 7855
5456 7184 2624
6625 9025 8225
6456 8156 8636
1097 2835 7811
480 2544 9680
5721 3189 8149
9000 1900 7100
5921 4471 391
8432 8800 1856
3665 8009 5305
9336 7244 4524
3625 8475 3275
5536 7936 5296
9817 1165 4301
7800 924 3980
801 3599 7999
121 121 121
4801 6801 3601
9752 5180 2396
7385 3539 9955
9616 1504 9824
7625 2725 5525
8216 4316 556
2737 1095 8391
1920 3104 2480
5281 5209 6249
1000 7900 3100
281 8731 6411
8272 4160 9536
905 1869 5805
2296 3964 8524
4625 1775 975
496 3296 6416
5857 4625 8081
8840 7084 9180
5161 2019 2899
8000 5600 2400
8361 6261 821
9992 7740 1276
225 999 6855
3376 8624 624
625 5625 5625
8376 876 4876
5177 3755 1371
4560 864 8080
6441 8029 7949
7000 3100 3900
5041 5391 8831
912 7920 5616
1345 8929 7105
8856 9484 6124
1625 4275 5475
7856 3056 7936
6697 485 6261
5080 2444 3180
5121 7239 1399
4000 400 3600
6321 2121 2441
7032 6700 556
265 3659 555
4736 544 5024
3625 7725 6525
4936 5836 7596
6417 6815 751
6400 9824 8480
7201 3649 3249
5000 7500 7500
8201 2451 3651
4352 6080 4096
2985 3189 1205
7016 5804 7324
2625 5975 4775
5616 5216 5856
337 4745 2841
4520 1004 7980
8681 1259 3499
6000 4400 1600
6681 2381 4461
8872 8060 4236
5505 5519 3055
1696 9264 3024
4625 9025 6225
5896 7196 4716
4457 6275 531
5440 3984 5680
5561 4069 2149
3000 1100 1900
7761 7911 6871
6592 4640 8976
3825 8649 105
4776 4924 2124
5625 6875 6875
1776 7776 6176
4777 3405 1821
5160 6764 5580
3841 6079 9199
2000 7600 4400
7441 5041 2881
3512 7820 6316
3945 579 6355
2256 6784 4624
1625 9525 2725
9256 2956 2236
7297 8135 4711
9680 7344 1680
9521 1289 4649
9000 3900 5100
1721 9771 4491
5632 9600 4256
1865 9309 5805
136 8844 524
8625 6975 9775
4336 8736 4896
8017 2465 7201
5000 3724 7980
8601 3699 8499
121 121 121
6601 8101 3701
8952 1980 796
3585 2839 2455
4416 5104 9824
2625 9225 4025
3016 1116 6156
2937 8395 7291
7120 3904 8480
7081 7309 749
1000 5900 5100
8081 6031 2511
9472 6960 3936
5105 9169 305
1096 9564 2524
9625 6275 1475
1296 6096 8016
8057 7925 2981
2040 5884 7180
961 6119 1399
8000 1600 6400
2161 9561 2921
3192 6540 1676
2425 6299 3355
6176 6224 8624
5625 8125 8125
5176 9676 2476
9377 3055 2271
5760 7664 8080
6241 4129 449
7000 7100 9900
4841 4691 6931
6112 2720 2016
1545 2229 5605
5656 9084 8124
6625 4775 9975
656 7856 1536
2897 5785 3161
4280 7244 5180
8921 5339 7899
4000 2400 1600
2121 7421 6541
4232 7500 2956
8465 4959 1055
5536 2144 1024
8625 6225 3025
3736 6636 7196
4617 8115 3651
3600 2624 2480
5001 3749 3749
5000 7500 7500
1 3751 3751
3552 2880 2496
9185 2489 3705
1816 9404 7324
7625 2475 3275
416 2016 1456
537 2045 1741
9720 1804 3980
481 3359 7999
6000 2400 3600
4481 9681 561
72 860 8636
9705 2819 7555
496 4864 7024
9625 3525 6725
6696 9996 6316
6657 9575 5431
8640 2784 3680
1361 8169 649
3000 7100 5900
1561 1211 8971
9792 3440 9376
6025 3949 6605
7576 2524 124
625 9375 9375
8576 6576 3776
8977 2705 2721
6360 3564 5580
3641 2179 1699
2000 1600 400
7241 4341 981
8712 2620 2716
4145 3879 4855
9056 6384 6624
6625 25 7225
2056 7756 5836
3497 3435 1611
8880 2144 3680
3321 9389 1149
9000 5900 3100
7521 5071 8591
2832 400 6656
65 609 6305
936 444 6524
3625 5475 6275
3136 9536 4496
6217 3765 101
2200 6524 1980
6401 3799 8999
121 121 121
8401 9401 3801
8152 8780 9196
9785 2139 4955
9216 8704 9824
7625 5725 2525
7816 7916 1756
3137 5695 6191
2320 4704 4480
8881 9409 5249
1000 3900 7100
5881 3331 8611
672 9760 8336
9305 6469 4805
9896 5164 6524
4625 775 1975
2096 8896 9616
257 1225 7881
5240 4684 5180
6761 219 9899
8000 7600 400
5961 2861 5021
6392 5340 2076
4625 1599 9855
8976 3824 6624
625 625 625
1976 8476 76
3577 2355 3171
6960 4464 8080
6041 229 2949
7000 1100 5900
4641 3991 5031
1312 7520 8416
1745 5529 4105
2456 8684 124
1625 5275 4475
3456 2656 5136
9097 1085 61
3480 2044 7180
2721 3439 4399
4000 4400 9600
7921 2721 641
1432 8300 5356
6665 6259 1555
6336 3744 7024
3625 4725 9525
2536 7436 6796
2817 9415 6551
800 5424 6480
2801 3849 4249
5000 7500 7500
1801 5051 3851
2752 9680 896
5385 1789 6205
6616 3004 7324
2625 8975 1775
5216 8816 7056
737 9345 641
4920 2604 9980
2281 5459 2499
6000 400 5600
2281 6981 6661
1272 3660 3036
3905 119 2055
9296 464 1024
4625 8025 7225
7496 2796 7916
8857 2875 331
1840 1584 1680
7161 2269 9149
3000 3100 9900
5361 4511 1071
2992 2240 9776
8225 9249 3105
376 124 8124
5625 1875 1875
5376 5376 1376
3177 2005 3621
7560 364 5580
3441 8279 4199
2000 5600 6400
7041 3641 9081
3912 7420 9116
4345 7179 3355
5856 5984 8624
1625 525 1725
4856 2556 9436
9697 8735 8511
8080 6944 5680
7121 7489 7649
9000 7900 1100
3321 371 2691
32 1200 9056
8265 1909 6805
1736 2044 2524
8625 3975 2775
1936 336 4096
4417 5065 3001
9400 9324 5980
4201 3899 9499
121 121 121
201 701 3901
7352 5580 7596
5985 1439 7455
4016 2304 9824
2625 2225 1025
2616 4716 7356
3337 2995 5091
7520 5504 480
681 1509 9749
1000 1900 9100
3681 631 4711
1872 2560 2736
3505 3769 9305
8696 764 524
9625 5275 2475
2896 1696 1216
2457 4525 2781
8440 3484 3180
2561 4319 8399
8000 3600 4400
9761 6161 7121
9592 4140 2476
6825 6899 6355
1776 1424 4624
5625 3125 3125
8776 7276 7676
7777 1655 4071
8160 1264 8080
5841 6329 5449
7000 5100 1900
4441 3291 3131
6512 2320 4816
1945 8829 2605
9256 8284 2124
6625 5775 8975
6256 7456 8736
5297 6385 6961
2680 6844 9180
6521 1539 899
4000 6400 7600
3721 8021 4741
8632 9100 7756
4865 7559 2055
7136 5344 3024
8625 3225 6025
1336 8236 6396
1017 715 9451
8000 8224 480
601 3949 4749
5000 7500 7500
3601 6351 3951
1952 6480 9296
1585 1089 8705
1416 6604 7324
7625 5475 275
16 5616 2656
937 6645 9541
120 3404 5980
4081 7559 6999
6000 8400 7600
81 4281 2761
2472 6460 7436
8105 7419 6555
8096 6064 5024
9625 2525 7725
8296 5596 9516
1057 6175 5231
5040 384 9680
2961 6369 7649
3000 9100 3900
9161 7811 3171
6192 1040 176
425 4549 9605
3176 7724 6124
625 4375 4375
2176 4176 8976
7377 1305 4521
8760 7164 5580
3241 4379 6699
2000 9600 2400
6841 2941 7181
9112 2220 5516
4545 479 1855
2656 5584 624
6625 1025 6225
7656 7356 3036
5897 4035 5411
7280 1744 7680
921 5589 4149
9000 9900 9100
9121 5671 6791
7232 2000 1456
6465 3209 7305
2536 3644 8524
3625 2475 9275
736 1136 3696
2617 6365 5901
6600 2124 9980
2001 3999 9999
121 121 121
2001 2001 4001
6552 2380 5996
2185 739 9955
8816 5904 9824
7625 8725 9525
7416 1516 2956
3537 295 3991
2720 6304 6480
2481 3609 4249
1000 9900 1100
1481 7931 811
3072 5360 7136
7705 1069 3805
7496 6364 4524
4625 9775 2975
3696 4496 2816
4657 7825 7681
1640 2284 1180
8361 8419 6899
8000 9600 8400
3561 9461 9221
2792 2940 2876
9025 2199 2855
4576 9024 2624
625 5625 5625
5576 6076 5276
1977 955 4971
9360 8064 8080
5641 2429 7949
7000 9100 7900
4241 2591 1231
1712 7120 1216
2145 2129 1105
6056 7884 4124
1625 6275 3475
9056 2256 2336
1497 1685 3861
1880 1644 1180
321 9639 7399
4000 8400 5600
9521 3321 8841
5832 9900 156
3065 8859 2555
7936 6944 9024
3625 1725 2525
136 9036 5996
9217 2015 2351
5200 1024 4480
8401 4049 5249
5000 7500 7500
5401 7651 4051
1152 3280 7696
7785 389 1205
6216 204 7324
2625 1975 8775
4816 2416 8256
1137 3945 8441
5320 4204 1980
5881 9659 1499
6000 6400 9600
7881 1581 8861
3672 9260 1836
2305 4719 1055
6896 1664 9024
4625 7025 8225
9096 8396 1116
3257 9475 131
8240 9184 7680
8761 469 6149
3000 5100 7900
2961 1111 5271
9392 9840 576
2625 9849 6105
5976 5324 4124
5625 6875 6875
8976 2976 6576
1577 605 5421
9960 3964 5580
3041 479 9199
2000 3600 8400
6641 2241 5281
4312 7020 1916
4745 3779 355
9456 5184 2624
1625 1525 725
456 2156 6636
2097 9335 2311
6480 6544 9680
4721 3689 649
9000 1900 7100
4921 971 891
4432 2800 3856
4665 4509 7805
3336 5244 4524
8625 975 5775
9536 1936 3296
817 7665 8801
3800 4924 3980
9801 4099 499
121 121 121
3801 3301 4101
5752 9180 4396
8385 39 2455
3616 9504 9824
2625 5225 8025
2216 8316 8556
3737 7595 2891
7920 7104 2480
4281 5709 8749
1000 7900 3100
9281 5231 6911
4272 8160 1536
1905 8369 8305
6296 1964 8524
9625 4275 3475
4496 7296 4416
6857 1125 2581
4840 1084 9180
4161 2519 5399
8000 5600 2400
7361 2761 1321
5992 1740 3276
1225 7499 9355
7376 6624 624
5625 8125 8125
2376 4876 2876
6177 255 5871
560 4864 8080
5441 8529 449
7000 3100 3900
4041 1891 9331
6912 1920 7616
2345 5429 9605
2856 7484 6124
6625 6775 7975
1856 7056 5936
7697 6985 761
1080 6444 3180
4121 7739 3899
4000 400 3600
5321 8621 2941
3032 700 2556
1265 159 3055
8736 8544 5024
8625 225 9025
8936 9836 5596
7417 3315 5251
2400 3824 8480
6201 4149 5749
5000 7500 7500
7201 8951 4151
352 80 6096
3985 9689 3705
1016 3804 7324
7625 8475 7275
9616 9216 3856
1337 1245 7341
520 5004 7980
7681 1759 5999
6000 4400 1600
5681 8881 4961
4872 2060 6236
6505 2019 5555
5696 7264 3024
9625 1525 8725
9896 1196 2716
5457 2775 5031
1440 7984 5680
4561 4569 4649
3000 1100 1900
6761 4411 7371
2592 8640 976
4825 5149 2605
8776 2924 2124
625 9375 9375
5776 1776 4176
5777 9905 6321
1160 764 5580
2841 6579 1699
2000 7600 4400
6441 1541 3381
9512 1820 8316
4945 7079 8855
6256 4784 4624
6625 2025 5225
3256 6956 236
8297 4635 9211
5680 1344 1680
8521 1789 7149
9000 3900 5100
721 6271 4991
1632 3600 6256
2865 5809 8305
4136 6844 524
3625 9475 2275
8336 2736 2896
9017 8965 1701
1000 7724 7980
7601 4199 999
121 121 121
5601 4601 4201
4952 5980 2796
4585 9339 4955
8416 3104 9824
7625 1725 6525
7016 5116 4156
3937 4895 1791
3120 7904 8480
6081 7809 3249
1000 5900 5100
7081 2531 3011
5472 960 5936
6105 5669 2805
5096 7564 2524
4625 8775 3975
5296 96 6016
9057 4425 7481
8040 9884 7180
9961 6619 3899
8000 1600 6400
1161 6061 3421
9192 540 3676
3425 2799 5855
176 4224 8624
625 625 625
9176 3676 476
377 9555 6771
1760 1664 8080
5241 4629 2949
7000 7100 9900
3841 1191 7431
2112 6720 4016
2545 8729 8105
9656 7084 8124
1625 7275 2475
4656 1856 9536
3897 2285 7661
280 1244 5180
7921 5839 399
4000 2400 1600
1121 3921 7041
232 1500 4956
9465 1459 3555
9536 144 1024
3625 8725 5525
7736 636 5196
5617 4615 8151
9600 6624 2480
4001 4249 6249
5000 7500 7500
9001 251 4251
9552 6880 4496
185 8989 6205
5816 7404 7324
2625 4975 5775
4416 6016 9456
1537 8545 6241
5720 5804 3980
9481 3859 499
6000 2400 3600
3481 6181 1061
6072 4860 636
705 9319 55
4496 2864 7024
4625 6025 9225
696 3996 4316
7657 6075 9931
4640 6784 3680
361 8669 3149
3000 7100 5900
561 7711 9471
5792 7440 1376
7025 449 9105
1576 524 124
5625 1875 1875
2576 576 1776
9977 9205 7221
2360 7564 5580
2641 2679 4199
2000 1600 400
6241 841 1481
4712 6620 4716
5145 379 7355
3056 4384 6624
1625 2525 9725
6056 1756 3836
4497 9935 6111
4880 6144 3680
2321 9889 3649
9000 5900 3100
6521 1571 9091
8832 4400 8656
1065 7109 8805
4936 8444 6524
8625 7975 8775
7136 3536 2496
7217 265 4601
8200 524 1980
5401 4299 1499
121 121 121
7401 5901 4301
4152 2780 1196
785 8639 7455
3216 6704 9824
2625 8225 5025
1816 1916 9756
4137 2195 691
8320 8704 4480
7881 9909 7749
1000 3900 7100
4881 9831 9111
6672 3760 336
305 2969 7305
3896 3164 6524
9625 3275 4475
6096 2896 7616
1257 7725 2381
1240 8684 5180
5761 719 2399
8000 7600 400
4961 9361 5521
2392 9340 4076
5625 8099 2355
2976 1824 6624
5625 3125 3125
5976 2476 8076
4577 8855 7671
2960 8464 8080
5041 729 5449
7000 1100 5900
3641 491 5531
7312 1520 416
2745 2029 6605
6456 6684 124
6625 7775 6975
7456 6656 3136
97 7585 4561
9480 6044 7180
1721 3939 6899
4000 4400 9600
6921 9221 1141
7432 2300 7356
7665 2759 4055
336 1744 7024
8625 7225 2025
6536 1436 4796
3817 5915 1051
6800 9424 6480
1801 4349 6749
5000 7500 7500
801 1551 4351
8752 3680 2896
6385 8289 8705
616 1004 7324
7625 1475 4275
9216 2816 5056
1737 5845 5141
920 6604 9980
1281 5959 4999
6000 400 5600
1281 3481 7161
7272 7660 5036
4905 6619 4555
3296 8464 1024
9625 525 9725
1496 6796 5916
9857 9375 4831
7840 5584 1680
6161 2769 1649
3000 3100 9900
4361 1011 1571
8992 6240 1776
9225 5749 5605
4376 8124 8124
625 4375 4375
9376 9376 9376
4177 8505 8121
3560 4364 5580
2441 8779 6699
2000 5600 6400
6041 141 9581
9912 1420 1116
5345 3679 5855
9856 3984 8624
6625 3025 4225
8856 6556 7436
697 5235 3011
4080 944 5680
6121 7989 149
9000 7900 1100
2321 6871 3191
6032 5200 1056
9265 8409 9305
5736 44 2524
3625 6475 5275
5936 4336 2096
5417 1565 7501
5400 3324 5980
3201 4399 1999
121 121 121
9201 7201 4401
3352 9580 9596
6985 7939 9955
8016 304 9824
7625 4725 3525
6616 8716 5356
4337 9495 9591
3520 9504 480
9681 2009 2249
1000 1900 9100
2681 7131 5211
7872 6560 4736
4505 269 1805
2696 8764 524
4625 7775 4975
6896 5696 9216
3457 1025 7281
4440 7484 3180
1561 4819 899
8000 3600 4400
8761 2661 7621
5592 8140 4476
7825 3399 8855
5776 9424 4624
625 5625 5625
2776 1276 5676
8777 8155 8571
4160 5264 8080
4841 6829 7949
7000 5100 1900
3441 9791 3631
2512 6320 6816
2945 5329 5105
3256 6284 2124
1625 8275 1475
256 1456 6736
6297 2885 1461
8680 844 9180
5521 2039 3399
4000 6400 7600
2721 4521 5241
4632 3100 9756
5865 4059 4555
1136 3344 3024
3625 5725 8525
5336 2236 4396
2017 7215 3951
4000 2224 480
9601 4449 7249
5000 7500 7500
2601 2851 4451
7952 480 1296
2585 7589 1205
5416 4604 7324
2625 7975 2775
4016 9616 656
1937 3145 4041
6120 7404 5980
3081 8059 9499
6000 8400 7600
9081 781 3261
8472 460 9436
9105 3919 9055
2096 4064 5024
4625 5025 225
2296 9596 7516
2057 2675 9731
1040 4384 9680
1961 6869 149
3000 9100 3900
8161 4311 3671
2192 5040 2176
1425 1049 2105
7176 5724 6124
5625 6875 6875
6176 8176 6976
8377 7805 9021
4760 1164 5580
2241 4879 9199
2000 9600 2400
5841 9441 7681
5112 6220 7516
5545 6979 4355
6656 3584 624
1625 3525 8725
1656 1356 1036
6897 535 9911
3280 5744 7680
9921 6089 6649
9000 9900 9100
8121 2171 7291
3232 6000 3456
7465 9709 9805
6536 1644 8524
8625 4975 1775
4736 5136 1696
3617 2865 401
2600 6124 9980
1001 4499 2499
121 121 121
1001 8501 4501
2552 6380 7996
3185 7239 2455
2816 3904 9824
2625 1225 2025
1416 5516 956
4537 6795 8491
8720 304 6480
1481 4109 6749
1000 9900 1100
481 4431 1311
9072 9360 9136
8705 7569 6305
1496 4364 4524
9625 2275 5475
7696 8496 816
5657 4325 2181
7640 6284 1180
7361 8919 9399
8000 9600 8400
2561 5961 9721
8792 6940 4876
25 8699 5355
8576 7024 2624
5625 8125 8125
9576 76 3276
2977 7455 9471
5360 2064 8080
4641 2929 449
7000 9100 7900
3241 9091 1731
7712 1120 3216
3145 8629 3605
56 5884 4124
6625 8775 5975
3056 6256 336
2497 8185 8361
7880 5644 1180
9321 139 9899
4000 8400 5600
8521 9821 9341
1832 3900 2156
4065 5359 5055
1936 4944 9024
8625 4225 5025
4136 3036 3996
217 8515 6851
1200 5024 4480
7401 4549 7749
5000 7500 7500
4401 4151 4551
7152 7280 9696
8785 6889 3705
216 8204 7324
7625 4475 1275
8816 6416 6256
2137 445 2941
1320 8204 1980
4881 159 3999
6000 6400 9600
6881 8081 9361
9672 3260 3836
3305 1219 3555
896 9664 9024
9625 9525 725
3096 2396 9116
4257 5975 4631
4240 3184 7680
7761 969 8649
3000 5100 7900
1961 7611 5771
5392 3840 2576
3625 6349 8605
9976 3324 4124
625 9375 9375
2976 6976 4576
2577 7105 9921
5960 7964 5580
2041 979 1699
2000 3600 8400
5641 8741 5781
312 1020 3916
5745 279 2855
3456 3184 2624
6625 4025 3225
4456 6156 4636
3097 5835 6811
2480 544 9680
3721 4189 3149
9000 1900 7100
3921 7471 1391
432 6800 5856
5665 1009 305
7336 3244 4524
3625 3475 8275
3536 5936 1296
1817 4165 3301
9800 8924 3980
8801 4599 2999
121 121 121
2801 9801 4601
1752 3180 6396
9385 6539 4955
7616 7504 9824
7625 7725 525
6216 2316 6556
4737 4095 7391
3920 1104 2480
3281 6209 1249
1000 7900 3100
8281 1731 7411
272 2160 3536
2905 4869 805
296 9964 8524
4625 6775 5975
8496 1296 2416
7857 7625 7081
840 5084 9180
3161 3019 7899
8000 5600 2400
6361 9261 1821
1992 5740 5276
2225 3999 1855
1376 4624 624
625 625 625
6376 8876 876
7177 6755 371
6560 8864 8080
4441 9029 2949
7000 3100 3900
3041 8391 9831
2912 5920 9616
3345 1929 2105
6856 5484 6124
1625 9275 475
5856 1056 3936
8697 3485 5261
7080 444 3180
3121 8239 6399
4000 400 3600
4321 5121 3441
9032 4700 4556
2265 6659 5555
2736 6544 5024
3625 2725 1525
2936 3836 3596
8417 9815 9751
8400 7824 8480
5201 4649 8249
5000 7500 7500
6201 5451 4651
6352 4080 8096
4985 6189 6205
5016 1804 7324
2625 975 9775
3616 3216 1856
2337 7745 1841
6520 9004 7980
6681 2259 8499
6000 4400 1600
4681 5381 5461
872 6060 8236
7505 8519 8055
9696 5264 3024
4625 4025 1225
3896 5196 716
6457 9275 9531
7440 1984 5680
3561 5069 7149
3000 1100 1900
5761 911 7871
8592 2640 2976
5825 1649 5105
2776 924 2124
5625 1875 1875
9776 5776 2176
6777 6405 821
7160 4764 5580
1841 7079 4199
2000 7600 4400
5441 8041 3881
5512 5820 316
5945 3579 1355
256 2784 4624
1625 4525 7725
7256 956 8236
9297 1135 3711
1680 5344 1680
7521 2289 9649
9000 3900 5100
9721 2771 5491
7632 7600 8256
3865 2309 805
8136 4844 524
8625 1975 4775
2336 6736 896
17 5465 6201
7000 1724 7980
6601 4699 3499
121 121 121
4601 1101 4701
952 9980 4796
5585 5839 7455
2416 1104 9824
2625 4225 9025
1016 9116 2156
4937 1395 6291
9120 1904 8480
5081 8309 5749
1000 5900 5100
6081 9031 3511
1472 4960 7936
7105 2169 5305
9096 5564 2524
9625 1275 6475
9296 4096 4016
57 925 1981
4040 3884 7180
8961 7119 6399
8000 1600 6400
161 2561 3921
5192 4540 5676
4425 9299 8355
4176 2224 8624
5625 3125 3125
3176 7676 8476
1377 6055 1271
7760 5664 8080
4241 5129 5449
7000 7100 9900
2841 7691 7931
8112 720 6016
3545 5229 605
3656 5084 8124
6625 9775 4975
8656 5856 7536
4897 8785 2161
6280 5244 5180
6921 6339 2899
4000 2400 1600
121 421 7541
6232 5500 6956
465 7959 6055
3536 8144 1024
8625 1225 8025
1736 4636 3196
6617 1115 2651
5600 624 2480
3001 4749 8749
5000 7500 7500
8001 6751 4751
5552 880 6496
1185 5489 8705
9816 5404 7324
7625 7475 8275
8416 16 7456
2537 5045 741
1720 9804 3980
8481 4359 2999
6000 2400 3600
2481 2681 1561
2072 8860 2636
1705 5819 2555
8496 864 7024
9625 8525 1725
4696 7996 2316
8657 2575 4431
640 784 3680
9361 9169 5649
3000 7100 5900
9561 4211 9971
1792 1440 3376
8025 6949 1605
5576 8524 124
625 4375 4375
6576 4576 9776
977 5705 1721
8360 1564 5580
1641 3179 6699
2000 1600 400
5241 7341 1981
712 620 6716
6145 6879 9855
7056 2384 6624
6625 5025 2225
56 5756 1836
5497 6435 611
880 144 3680
1321 389 6149
9000 5900 3100
5521 8071 9591
4832 8400 656
2065 3609 1305
8936 6444 6524
3625 475 1275
1136 7536 496
8217 6765 9101
4200 4524 1980
4401 4799 3999
121 121 121
6401 2401 4801
152 6780 3196
1785 5139 9955
7216 4704 9824
7625 725 7525
5816 5916 7756
5137 8695 5191
4320 2704 4480
6881 409 249
1000 3900 7100
3881 6331 9611
2672 7760 2336
1305 9469 9805
7896 1164 6524
4625 5775 6975
96 6896 5616
2257 4225 6881
7240 2684 5180
4761 1219 4899
8000 7600 400
3961 5861 6021
8392 3340 6076
6625 4599 4855
6976 9824 6624
625 5625 5625
9976 6476 6076
5577 5355 2171
8960 2464 8080
4041 1229 7949
7000 1100 5900
2641 6991 6031
3312 5520 2416
3745 8529 9105
456 4684 124
1625 275 9475
1456 656 1136
1097 4085 9061
5480 44 7180
721 4439 9399
4000 4400 9600
5921 5721 1641
3432 6300 9356
8665 9259 6555
4336 9744 7024
3625 9725 4525
536 5436 2796
4817 2415 5551
2800 3424 6480
801 4849 9249
5000 7500 7500
9801 8051 4851
4752 7680 4896
7385 4789 1205
4616 9004 7324
2625 3975 6775
3216 6816 3056
2737 2345 9641
6920 604 9980
281 6459 7499
6000 400 5600
281 9981 7661
3272 1660 7036
5905 3119 7055
7296 6464 1024
4625 3025 2225
5496 796 3916
857 5875 9331
3840 9584 1680
5161 3269 4149
3000 3100 9900
3361 7511 2071
4992 240 3776
225 2249 8105
8376 6124 8124
5625 6875 6875
3376 3376 7376
5177 5005 2621
9560 8364 5580
1441 9279 9199
2000 5600 6400
5041 6641 81
5912 5420 3116
6345 179 8355
3856 1984 8624
1625 5525 6725
2856 556 5436
1697 1735 7511
80 4944 5680
5121 8489 2649
9000 7900 1100
1321 3371 3691
2032 9200 3056
265 4909 1805
9736 8044 2524
8625 8975 7775
9936 8336 96
6417 8065 2001
1400 7324 5980
2201 4899 4499
121 121 121
8201 3701 4901
9352 3580 1596
7985 4439 2455
2016 8304 9824
2625 7225 6025
616 2716 3356
5337 5995 4091
9520 3504 480
8681 2509 4749
1000 1900 9100
1681 3631 5711
3872 560 6736
5505 6769 4305
6696 6764 524
9625 275 7475
896 9696 7216
4457 7525 1781
440 1484 3180
561 5319 3399
8000 3600 4400
7761 9161 8121
1592 2140 6476
8825 9899 1355
9776 7424 4624
5625 8125 8125
6776 5276 3676
9777 4655 3071
160 9264 8080
3841 7329 449
7000 5100 1900
2441 6291 4131
8512 320 8816
3945 1829 7605
7256 4284 2124
6625 775 3975
4256 5456 4736
7297 9385 5961
4680 4844 9180
4521 2539 5899
4000 6400 7600
1721 1021 5741
632 7100 1756
6865 559 7055
5136 1344 3024
8625 8225 1025
9336 6236 2396
3017 3715 8451
121 6224 480
8601 4949 9749
5000 7500 7500
1601 9351 4951
3952 4480 3296
3585 4089 3705
9416 2604 7324
7625 475 5275
8016 3616 8656
2937 9645 8541
2120 1404 5980
2081 8559 1999
6000 8400 7600
8081 7281 3761
4472 4460 1436
105 419 1555
6096 2064 5024
9625 7525 2725
6296 3596 5516
3057 9175 4231
7040 8384 9680
961 7369 2649
3000 9100 3900
7161 811 4171
8192 9040 4176
2425 7549 4605
1176 3724 6124
625 9375 9375
176 2176 4976
9377 4305 3521
760 5164 5580
1241 5379 1699
2000 9600 2400
4841 5941 8181
1112 220 9516
6545 3479 6855
656 1584 624
6625 6025 1225
5656 5356 9036
7897 7035 4411
9280 9744 7680
8921 6589 9149
9000 9900 9100
7121 8671 7791
9232 121 5456
8465 6209 2305
536 9644 8524
3625 7475 4275
8736 9136 9696
4617 9365 4901
8600 124 9980
1 4999 4999
121 121 121
1 5001 5001
1 5001 5001