8 10000
5428 3482
6222 4427
6172 6814
8518 7135
2668 4337
4028 5618
1559 4253
1339 1157
6843 5443
7088 3799
1972 3635
2690 8852
3214 6940
6443 721
9130 9870
9749 895
9180 3188
5593 7107
1594 4342
9642 9342
3505 4688
2215 8500
2531 3551
3654 7415
4439 4814
3708 1502
3552 3975
9739 938
7923 6455
1572 6220
2088 5952
4425 8069
4213 4323
382 2473
157 6065
7101 4879
4204 5616
5147 24
8969 2159
6710 4051
8851 6268
5771 8146
5073 3576
9710 2349
7413 3978
6636 1699
6776 1559
2912 7914
5218 949
9698 472
2045 7279
5148 9596
3974 3523
4552 4537
7867 8587
923 1717
7261 976
2584 2664
499 136
6642 2717
3842 7329
8775 9615
4272 4736
9330 4653
3834 7266
9634 5208
7600 6854
3896 3937
5861 4013
59 5407
7416 6316
5477 4453
8143 8639
6434 6745
1601 329
5518 3720
2783 8862
5487 3652
1987 8775
7658 6651
1172 6940
1527 1249
7779 1970
4050 3794
3542 2757
6044 2997
8343 1576
2189 8866
6069 4397
7771 5494
8791 2762
2623 2179
4039 2012
3887 8429
1989 5631
3467 72
2883 7911
1240 22
6882 2285
1427 138
9284 3572
2402 2558
4825 372
1063 9476
154 2687
6736 5397
7962 633
7917 9952
2155 7121
5333 5983
904 5136
7816 7342
7510 1244
7069 8705
6444 2708
5672 3547
5008 444
6297 4388
3661 5981
1698 4129
7484 9001
9660 5225
3855 6888
8313 11
6866 7269
255 7088
9016 3658
8037 9904
4701 1066
9179 4996
137 8543
7492 4012
8479 242
5399 6394
6626 5694
6509 8643
6472 2861
2273 9100
1471 5777
1668 8710
8879 4436
1051 4126
5043 9246
151 328
4290 4114
572 2051
2207 6449
8813 1431
6685 341
6272 2555
6627 6877
2528 3275
3725 1026
3042 4539
6169 1089
3314 5240
5646 469
7419 6158
6600 9542
4426 1223
3750 1672
3128 7689
5468 9484
7229 2736
3952 7349
3575 9753
2963 706
3292 8606
1187 3697
2474 6848
5574 2816
4153 5033
6541 6708
949 9874
9848 9416
8577 6594
1684 8061
2966 8868
499 641
5107 6643
1130 1612
9680 5935
2119 6774
6661 7435
4591 5172
7000 9452
5123 2648
5753 7422
8353 5735
9391 3533
902 5101
8241 4660
5922 8176
5418 2602
9251 1099
851 4784
9649 9047
1525 9545
2383 1307
2683 5872
4238 3241
2236 5958
2786 1852
7381 8845
4649 8009
2562 9290
7925 1739
3118 9368
2814 6251
9992 4383
7130 8725
7774 7905
7611 6535
8365 9021
4532 2446
7040 9119
4276 3773
8183 2312
4468 1112
3921 209
2783 3138
7355 1815
1381 675
1373 7416
1946 4132
5726 7066
8824 9753
875 7632
957 4065
9350 868
7487 8810
5377 3273
186 3288
90 7914
962 1721
5934 8565
1347 6155
2478 473
6195 5684
2151 4578
8329 3278
9225 7724
3092 2756
9781 5909
2172 7553
929 7898
905 4484
6488 8828
3926 4070
7961 6275
4544 2565
7090 2512
9435 2844
5433 8691
7074 9827
4820 9334
3720 9434
3026 2664
58 4542
9676 9753
2195 5641
5775 3173
9957 3261
4043 8459
8983 653
3783 6272
4439 6772
1342 8741
7545 9179
6837 1699
3730 8915
8764 6985
4809 4410
1995 596
8131 4434
1741 6460
1534 1673
3426 8474
5207 9012
9163 1724
9688 1594
5868 8327
5945 7092
7368 2125
2821 791
7706 9257
860 5277
5746 2218
4285 2839
4411 8209
6459 6591
6189 6899
7200 722
5122 4609
6818 6707
3596 5217
78 7855
440 5576
8477 5753
3570 3522
8678 6541
9766 7510
1865 2254
7395 8792
8916 6457
798 2970
1666 8787
7635 4101
8005 8224
4941 3352
422 3267
7589 3231
8628 7548
4052 3073
3492 7659
4655 9220
7742 1061
9381 2286
3040 8565
7106 1531
9252 1927
7828 8840
9759 6738
6990 9326
3640 2036
7905 4684
9823 9032
9233 6976
1539 8471
2373 9399
4067 410
5807 7024
6780 6786
5891 8119
2620 6747
5236 5699
8546 7906
5876 24
4527 6966
1646 249
1918 2218
9352 4893
3670 9426
3077 7706
845 9941
5004 9173
9560 3883
5919 7576
8093 1061
898 8769
7576 6614
2296 885
1837 5861
7267 7869
4000 9520
4458 216
455 3495
4736 105
4167 8508
2619 5624
8198 8982
5693 362
9656 3279
3063 8457
167 1646
605 9850
7291 1371
3186 8067
6300 5836
186 4748
2222 6378
1990 2127
8428 6863
3511 9391
4735 6600
923 3677
609 6664
5450 9474
8188 9426
6186 8592
4368 9715
1221 6670
6264 2737
8834 1853
8790 2395
3683 2847
7216 2822
2914 3507
4004 8247
9519 1765
6848 6442
2240 5304
7596 6832
1911 7429
3569 5609
7168 7676
337 236
1585 7167
3348 126
3487 5106
2484 4908
7732 2313
9747 9435
1677 9750
3037 7007
4179 4738
6940 9899
4625 926
2831 9446
8127 5882
1542 5284
7938 3979
8979 1895
9270 1637
2661 4462
3689 3914
2657 114
3089 2663
2262 3237
9751 7602
475 3784
2399 7577
5487 6174
5561 2245
5003 2106
4156 8827
9138 3482
6990 1988
7394 6659
2694 3570
3634 1962
6301 1390
716 7179
5786 9610
4002 9735
7276 8993
5922 6556
4949 4588
2801 7794
4378 1997
8086 9213
3978 1252
4737 8094
4711 3908
3210 1020
9786 3085
205 9144
6631 4328
4782 1124
6985 9320
4658 4052
680 4682
6199 7972
8350 9394
4344 7510
2058 2167
5350 5751
1310 4704
1033 8913
9588 6864
7077 5068
3436 2521
2425 398
5101 1623
1531 2938
6528 2934
9040 9232
6490 2446
7057 4862
6268 3726
494 723
737 8295
3386 3563
4800 7735
2043 511
4081 7839
3297 7313
2843 4593
1330 4985
6953 6147
4822 446
9748 7708
4070 7674
4779 6329
2840 3814
6850 1128
4728 9146
4095 5675
7759 231
8712 8295
2749 6678
202 9923
6925 6242
1031 1601
6479 5355
6974 4866
4541 5438
337 3095
4488 4021
1575 6116
437 6052
2268 3337
3334 4628
6922 6176
9439 8242
4307 575
8798 4823
3898 3466
5292 8186
2022 9660
7694 4030
3240 9552
6168 6929
4411 1697
8781 8081
9866 4912
6380 9199
9099 2048
5981 9983
6070 3514
7696 9057
9336 4762
7527 5537
4074 9138
4947 4169
5297 4865
7201 2087
8714 7030
8579 4212
5024 6282
1194 4793
4355 3543
2913 4685
3997 2518
4201 846
6758 525
648 5777
4112 8691
2797 3987
6550 8425
778 749
4393 8552
2818 2781
2380 9150
6268 3468
2260 1131
1481 3963
725 4887
7722 5617
5149 7125
902 1534
2508 1517
7783 179
4504 1491
1676 3590
6735 8749
6541 5003
2680 8633
4499 9108
1089 2085
7599 4733
7935 6703
9557 543
601 3025
5353 5504
7798 4623
324 7658
9184 9312
5737 7076
9267 8806
9207 7892
7130 7269
242 4460
6747 1370
9682 6780
6615 1414
5106 4055
1031 8104
7060 2198
9087 1856
4199 7207
9884 3745
8965 6208
2018 3393
5668 3993
3412 4974
1618 4656
2907 4905
3953 1596
708 497
2902 838
3305 9028
5241 369
1934 4503
3414 9063
1490 9389
3450 1832
2160 595
906 3549
2844 3633
7204 25
5349 6413
7153 5664
9183 6202
3971 256
9793 6913
1912 4029
3427 6971
5967 350
1314 9637
7431 6601
5482 7255
1419 976
6374 4178
8171 6331
358 3071
6828 8757
5371 8687
2292 5765
8357 6491
2987 9546
3761 5483
7431 9494
5122 3371
196 6637
1347 7170
3258 5171
5411 7677
9795 1591
6677 1939
3591 9159
8841 955
7193 2813
7124 1046
1072 7516
7784 6229
9176 7736
3493 6890
659 5183
4606 441
4644 6181
8777 315
8157 3162
5956 5850
8898 9987
5128 2333
6683 6520
531 8650
8672 1522
572 3835
6030 1223
7382 8259
7012 5837
5465 3946
9200 313
7778 929
3980 2858
8654 9952
6764 8849
8640 9023
4519 5427
1013 1784
1045 5329
9900 6029
4177 9098
2635 3126
8668 6836
6034 1060
6170 3191
493 6060
7004 6376
7046 2856
4758 1717
7319 4498
5831 5696
5876 4602
3507 8492
3940 1098
4890 6294
3507 7384
3267 1308
7734 3720
3200 2075
5291 447
1985 3835
9910 463
7799 1675
7971 1752
4940 4128
9774 9129
3111 5530
4269 6314
8034 3386
5072 443
7907 4896
1699 6786
7903 1700
4831 7169
3852 6122
3727 9396
7799 9321
7002 4873
5724 341
3150 2427
4009 2996
3160 1159
5588 3004
6417 9219
2384 6135
5810 6958
8136 9416
7076 726
2149 81
1391 9522
5154 4014
6247 1473
3485 9341
437 7056
1279 8284
3949 9111
4010 7264
1284 3772
9569 2720
9108 1433
2452 2059
1734 5690
6264 2662
1842 3
8832 6895
9535 6186
3867 4171
1647 7774
390 9114
4782 1019
9273 197
1926 1226
1946 269
1894 7545
2551 7753
5818 2229
4024 746
9842 2686
4975 9984
6422 4586
92 7920
8675 2279
7797 2321
4757 5439
144 1982
5435 1076
1371 1557
8078 3829
2469 7096
8003 4525
771 8500
7074 421
7259 9545
5668 3881
2036 4254
9908 5047
6194 2452
221 9486
8468 436
9477 9798
4074 561
5901 5621
5365 2911
1784 8634
6993 9744
5148 7479
6465 2404
2510 592
7061 7437
8274 6546
8452 7554
3774 2735
3839 2891
4687 7294
6338 1653
9387 5720
634 8695
7018 8332
6094 4412
7014 2823
9068 9357
9187 6866
1972 5164
9384 4086
9432 7264
3154 5947
6216 2362
1883 6905
2544 1884
3885 6665
3105 7557
789 2109
7140 3500
7992 91
2529 4573
280 5743
8687 3197
9126 6303
7591 6556
6140 9971
3631 7246
5120 8623
9415 5389
8117 2889
7398 2355
1535 8527
758 4250
4242 3832
4077 6545
4841 6964
7002 1563
6145 938
5623 874
1605 8225
8348 2561
1924 4713
5465 4197
5614 6195
8418 4612
349 2731
9254 6624
2986 8824
5618 8638
3161 4707
3895 6789
7149 2257
28 4032
2530 7101
2793 5964
7287 7234
1656 9733
3850 3086
2239 1638
7787 334
8567 7744
3201 9684
9845 6181
4946 6780
8941 3178
2520 4210
4609 7570
3379 8247
6919 7287
689 715
5709 9028
4759 1996
2029 509
8175 6567
2126 6766
4453 9290
3722 4669
7533 2151
3496 9484
9992 6108
3844 7004
5828 1833
6711 9996
338 4901
6016 3124
2467 2580
6157 3536
1874 5188
1558 9103
6236 3805
67 9773
7361 6404
8122 5052
204 4598
5848 7862
8141 7049
3945 2319
9143 9194
8877 623
7718 6376
4135 1670
7851 3736
8232 8584
8306 928
478 3697
2237 5138
2224 5783
1719 5920
7835 483
8643 3953
3260 9804
5610 5073
9910 3048
6221 9419
4166 7212
5108 2446
8064 5889
2711 8087
4076 7062
4929 2849
2645 9979
4288 5025
5837 2110
8889 8374
8079 1189
3649 3221
1089 7576
3419 9723
4945 3266
8879 468
5530 6719
3397 5621
9364 7114
1994 3780
8451 1378
6127 4111
7908 7739
764 4625
7227 2210
8242 5910
8163 2526
7678 5727
6604 2614
4866 7404
8760 7867
681 5831
9625 7902
9357 2243
3769 6456
4837 3226
9892 6535
9369 8999
4898 1860
9700 3918
6228 3148
1442 6574
8097 488
2642 4610
696 2426
3867 6380
3822 3522
842 522
9029 3580
4307 8297
7205 3484
8377 2410
3286 9152
4882 3878
1683 1701
141 7187
8721 4034
4716 9408
1541 2761
2516 1027
612 5960
8229 7366
33 7207
3593 8457
9183 5256
3487 7407
7688 5427
385 3930
7288 7413
7536 7608
5050 4117
2076 3849
2287 4612
1550 919
8359 9425
6757 1866
3723 2104
8620 4526
7428 4981
539 9508
2460 6594
190 3695
2753 8988
3526 2989
8800 5001
236 9633
7428 957
6133 6936
1695 7180
4744 5938
1204 8979
9792 5485
5832 1801
4507 6912
9084 5203
4311 9727
9519 8037
6154 8116
7887 5006
1834 1371
8254 3588
7147 5301
9038 6829
8370 3802
9481 4668
5203 8287
4711 2689
4611 7623
9925 6544
8467 6946
1056 7019
3750 7689
9353 2306
6519 1197
5446 8886
8370 9126
402 3682
4180 2624
4413 6762
1168 9386
2760 8034
3987 7696
454 7268
9967 7302
6417 9943
6688 5747
5254 3598
8393 3300
3166 7609
2655 2119
2418 2995
8464 8532
6457 3639
3629 1786
7803 4151
533 7654
3606 8780
1464 8553
9137 7677
4487 6860
6735 3338
6217 7823
7321 9815
672 1667
3371 5858
5155 4988
1922 1342
5644 1957
1111 4962
9180 424
6676 5801
7058 1196
1306 5053
2120 8614
3786 4180
3107 6056
7781 5242
1373 689
5102 3968
8946 4425
346 7721
6282 9238
7223 6075
9319 8920
4972 8854
3079 4385
6275 6156
2409 6595
1395 9090
5468 5591
1041 8349
9281 8208
3725 1887
7087 3474
7102 2553
3698 3396
6755 8873
3173 8316
2668 7651
8097 5433
3143 6783
4277 7345
371 6515
917 7090
4045 5284
2579 780
6840 2883
5685 8952
6248 939
8915 5073
2440 8627
941 4024
7622 6202
7645 1694
9296 8278
1850 8188
6614 8267
7717 2793
8707 2159
686 1889
8275 2832
7928 5441
4224 6430
8983 664
7872 16
6101 8059
1489 5029
5307 2925
1082 7194
5943 8922
3779 206
6392 4719
9904 8100
116 8450
7895 5146
779 9701
474 2455
487 862
2863 2667
615 5516
5647 9677
5429 5334
5340 225
9940 9303
4790 7719
3196 1307
7005 5295
1992 655
1141 1038
3303 4875
9809 455
5622 7099
3455 8453
3362 3462
8891 6138
7326 1294
1230 662
7032 8637
6615 2389
4825 1869
3687 1191
9618 4095
251 3609
1877 5047
9096 1858
1549 8046
604 740
151 2608
3076 3509
1817 4299
3917 3917
9806 2358
2328 5599
2882 2799
2534 1825
284 5555
3931 5073
7068 6770
1197 9321
8962 8302
2338 465
2800 8247
7944 8840
2123 9031
770 5967
5220 5848
2244 2032
3960 8911
6545 8895
3150 6777
509 7584
4475 5835
2656 4110
584 9969
5744 1297
3875 9953
3021 6445
1074 4995
3906 6287
5057 9923
2500 5101
3545 5221
5574 3525
8134 243
8557 4985
3335 7289
9877 4257
9145 1985
5720 9651
1037 2399
6282 8916
4478 6542
4142 1241
7344 5145
1736 4077
4292 7853
5650 4805
5368 6554
2745 6112
5451 1966
4805 5193
5622 5016
9154 778
9210 6923
3016 1446
6857 285
3729 5707
3606 2295
8682 4133
174 2226
9565 4248
3048 2904
4974 4780
792 2131
7593 7725
909 547
5871 148
1866 5707
4631 2501
8548 2033
1042 7850
3152 3670
3182 6334
4223 1901
5097 2236
505 746
825 5592
6884 8206
1592 2510
9043 3953
8433 3487
3845 3679
7725 4100
7378 7783
1966 8707
9485 5479
1664 19
6690 9174
7863 9006
4050 7200
30 6945
1927 7336
7626 5167
8822 3118
3091 9280
8877 8974
1719 6404
1405 5777
3563 1127
6413 5618
8082 9422
4934 9717
3742 550
5002 7226
5752 9266
2581 9325
8235 2384
459 6567
4669 5329
74 5625
9892 7118
6512 6474
7516 8576
9323 4104
5039 9255
2985 753
1010 5408
4654 636
7267 7432
8518 1833
2237 3536
7918 2192
6232 6721
8951 5223
4558 5406
3844 4939
1657 2591
7126 4987
7852 8222
9570 3382
890 7409
7488 4690
435 358
7993 4053
8383 7582
30 6854
1081 7047
5169 8618
441 8843
2600 7839
6113 2813
8139 3789
6097 337
93 4694
7389 3507
5629 2605
1735 5031
1793 1099
1237 9490
7508 104
8653 6189
481 8287
9851 3807
2338 4922
3572 9701
6104 770
649 7891
134 6838
6901 3039
8591 2805
3305 6130
386 1201
5498 303
7841 6497
9014 6733
829 383
9879 9473
6156 4042
7631 6177
6621 1959
2814 8171
7253 6565
1755 4274
6731 6582
7713 1602
2243 6166
2243 9727
8656 1303
9355 9877
4882 7550
7630 2404
321 9802
3200 9994
1279 182
4011 4440
2026 2305
3837 4670
7740 7419
5616 7125
2357 393
553 6240
7320 8190
4899 6502
6281 3151
6266 2161
4709 1064
1682 8417
7390 3334
2786 6963
5450 7713
1310 4050
5703 161
4874 6436
475 4557
2471 4765
3424 2637
9912 6907
5954 6034
8309 4242
4441 7536
4665 5869
9428 2410
7030 3596
1240 7406
488 4898
8255 8667
2371 4478
7123 5841
9149 6675
9496 9144
124 8588
2133 6281
1583 7630
9264 312
350 4268
6971 5236
9775 1288
5565 4758
4195 6095
6341 3722
5789 6343
2352 2119
6703 6718
1535 8215
9708 2484
810 7611
4311 2372
156 8906
7544 2934
3856 394
2315 9525
2418 1639
7796 3259
4140 4500
903 9820
99 6312
5970 6200
9434 9244
1563 9854
6284 3963
7487 1358
7561 2795
688 7355
9940 6338
9578 8153
6580 7358
3841 9925
6306 3749
9490 2705
155 2022
4296 7683
8385 4339
1615 7141
1906 4853
3889 4784
6113 9989
649 6356
2612 4594
8080 1386
4784 7032
7826 5701
3947 692
7000 7910
8161 8161
8800 8884
6501 5409
8689 8749
1489 113
6855 349
5893 6329
446 6517
8364 1027
5365 7533
4915 2454
2464 382
9671 9800
4454 9901
126 5262
5834 5821
6060 6612
8635 8258
41 2976
4482 7113
9606 5053
8879 519
7825 4611
7822 3161
9705 2647
2193 3978
1954 1843
9542 911
6492 913
9863 3924
9427 4324
1035 3666
7509 9266
3412 1810
9182 382
8045 5939
4959 8855
226 8624
7008 5078
9989 3181
9566 9588
25 1881
5977 2528
7374 4606
2377 1152
9495 3213
8499 3194
9153 1756
9333 4559
5403 4354
294 573
2703 5802
5093 5694
2203 6873
1789 3750
8061 5868
1712 2627
8672 5386
2340 3779
954 135
6146 9099
5708 455
6478 5934
4978 9838
4846 6114
4208 8524
1880 6227
9766 664
2515 5075
2468 2070
319 214
1737 4601
5111 2544
7906 1657
7089 6438
339 8983
4010 8137
6545 2161
9112 5681
149 9765
1147 6343
8179 28
3472 9707
6220 4130
8730 1608
8998 8400
8681 2974
9153 5423
937 4827
5053 8041
3045 7181
3275 1250
7810 8047
7250 3480
7629 8250
8172 4166
7722 6880
2847 492
6215 297
7807 964
3445 1224
2130 5993
4746 9566
5137 8881
9264 9753
9311 5808
9743 7654
1545 3231
8605 2317
3173 1766
623 153
1676 5799
7067 6498
7115 385
7154 7879
1744 6948
3508 9597
1916 196
3083 7145
4015 4628
6044 3748
9742 2357
3528 9236
6703 9001
3702 3084
2407 6173
6342 5054
8943 3253
7421 4479
8902 1867
698 9098
3043 7931
6429 6110
6409 7312
9562 7956
7485 2881
8204 6756
4995 5007
1355 7690
283 7400
113 4657
2643 5654
501 5699
4373 3628
3199 7203
9994 8291
9174 6884
547 1291
1277 598
5412 598
1458 9740
2117 6465
3859 8303
7344 1803
6573 6435
7188 2124
7739 2143
8656 9521
4413 601
5070 6649
3304 5675
4018 6633
1198 4125
9682 4119
6762 3300
5345 5008
9469 1742
7048 2279
5233 6884
3059 1540
8259 2278
6883 9734
7399 1224
6273 5582
6463 6664
4119 3027
5420 6405
3017 490
3265 2603
2364 7131
3231 4536
7784 1910
1616 5995
2252 5800
291 8050
5625 4033
8075 9084
9802 1833
4028 1181
9398 5411
542 1804
1952 7505
9108 1155
4941 1541
7683 9216
4675 8962
6927 1683
6767 6600
4974 5835
5675 4081
5451 2636
5102 7032
1022 2799
9736 7799
2816 6320
7206 8337
3435 1630
2247 2808
4054 8163
3493 4320
9378 6325
6654 2696
7086 2992
851 3393
6156 6414
8111 5828
5221 5947
155 5946
8385 5287
9195 4612
9188 1806
8298 7299
5178 6731
7864 5194
9285 9051
3864 2189
2975 7620
3864 3969
2075 517
444 4791
4319 9858
1458 9203
8922 5607
6306 7434
7553 1140
6624 7057
7850 4252
5073 3519
6882 3323
37 2746
4209 229
9532 4934
7118 1852
4204 9361
8663 6681
8292 1345
7753 3268
5040 443
3107 8588
3624 6489
3397 6315
2656 6194
1632 5922
3282 3011
9698 3105
3785 599
8547 9094
9411 4884
1630 9348
9655 3656
8588 2708
6312 9419
4215 1953
4029 7812
2122 1005
5081 8224
7646 3387
8635 1749
967 4556
2258 9909
4806 9613
1076 2721
814 9866
2908 7542
2398 5786
5197 1457
7833 2318
2022 6503
5822 5433
6321 143
1496 3901
1679 4406
8381 2302
5480 737
8158 589
3767 8871
2788 5641
8482 2029
3796 9449
6287 579
3955 4133
8091 4786
7532 1293
5799 5268
1187 8832
800 2932
5125 7292
1936 5290
8490 6225
3593 4601
7101 9828
462 7368
6298 1233
4773 2819
3834 769
494 8661
9377 2622
7266 5607
2645 9486
131 7094
276 3415
4933 3964
8599 4113
7181 1340
1376 8837
8689 1299
1947 6603
1715 7901
9703 4646
805 7562
1796 4892
7207 3152
2773 9115
5453 996
7943 4845
9130 829
575 5209
5633 9010
3645 561
2196 4585
8834 2448
1252 5232
9036 7849
2976 7004
7299 5791
6975 1580
9971 3557
5208 9151
1221 7239
2168 8131
6528 7297
2108 1888
8563 125
6723 3366
2043 8224
4625 7162
9189 1679
582 9951
4008 9105
8017 9413
919 4914
3046 4084
1625 9763
4218 1920
9597 3434
1848 3966
2077 9830
3506 2556
4980 2443
366 9888
8618 2817
4739 1509
2490 2643
5996 5656
7758 5148
4276 5174
7701 1011
4639 8658
7305 3141
3756 6380
2027 5118
1410 5377
8292 7317
817 1885
401 528
4997 3418
5344 6509
6962 8205
452 7910
962 1302
8657 6710
2484 5228
5292 6140
8715 3966
9324 5606
2215 7765
3831 1452
7050 2863
1700 111
1958 1759
4334 1895
411 8634
3744 3647
9622 3614
7674 532
6740 4171
3437 8119
1126 5321
3255 7354
2108 4533
3009 4732
2032 3701
5930 414
339 1214
6493 7947
9983 5917
4018 1010
3835 3291
854 1849
3281 9614
1321 1255
2016 6595
2273 3433
5357 9470
3725 9147
6729 176
1078 5818
4349 549
3531 3922
2275 6763
3304 3709
5451 712
2790 1393
9403 634
6419 903
2423 6774
4646 3468
3881 5324
7638 3938
7783 7459
8883 557
4408 2266
8248 5505
8700 2736
2147 4528
8968 5964
4111 6377
7657 77
9557 9242
8892 2906
9164 9575
7987 2698
2120 2799
3706 8359
1782 827
7411 8107
8005 4723
2398 9486
2647 2786
946 4150
285 3330
3954 1756
9834 7417
6074 202
3578 2595
6327 185
566 8088
6101 6110
5163 9114
5401 8587
8731 1594
2987 5974
8970 8580
6254 221
5977 7745
1282 8806
2291 8819
4652 51
6624 8734
2133 6296
6779 5170
1781 5082
5407 5426
2886 1964
7684 3201
2902 152
1744 7305
8402 6171
8999 1724
1588 6862
1388 1851
5446 3515
7944 8892
1285 34
2182 4978
7481 7613
9642 4554
7352 2348
759 4823
2320 7077
5810 8760
9579 8325
9928 9422
8742 6823
9538 401
636 2985
8980 8210
910 9763
5639 9637
5423 7845
619 3109
3471 3228
1860 3390
6730 760
9 7052
2180 4262
8939 4660
4555 5368
583 3124
193 8498
208 9464
1605 8757
879 6141
897 7696
6835 2914
9063 1631
3284 7437
7701 8581
9583 5581
1906 8754
3775 9519
8652 8646
403 7804
2209 6835
6395 2085
8933 7893
1943 8015
8469 9294
7358 2060
2965 4818
981 1882
9564 921
1567 5091
7866 3499
9804 6116
2349 8155
4529 3318
4448 7883
4692 3596
1327 9620
7047 800
3937 5139
3387 2921
9345 9019
3320 972
5423 8622
2643 6467
8486 4596
9460 403
934 5920
1689 9971
1326 9159
5983 4054
8352 9253
901 9416
4947 9318
9036 2720
3166 7111
2559 655
656 5836
4334 8406
9642 5993
1532 519
101 6346
7334 6357
6786 79
5670 4507
1111 6463
7660 5745
2314 2141
3905 9005
1984 139
4728 6647
3157 7568
8666 2017
105 3782
305 6283
2317 1269
466 6649
9597 239
7235 8396
4857 3400
3386 7498
3021 7290
7645 4589
7132 2039
5555 4386
5403 6852
1862 3191
6770 8284
2506 3509
1183 3535
5838 3670
9522 8777
6078 9729
4844 3916
263 5937
7980 4758
9766 4997
6145 4793
6647 2619
6925 4347
1870 7882
1748 7027
2477 5118
8571 514
9678 3281
1020 4474
7412 8862
542 2025
610 6369
9247 352
7779 9630
6425 954
9423 6993
7710 7266
6786 5090
5016 1235
3838 329
7716 4889
4135 593
8532 1166
3519 3317
1509 7881
5589 370
1901 4881
2272 1595
1974 6234
2715 8735
6704 5796
331 3890
168 1137
9185 8550
9300 8331
8277 6919
2940 1510
9772 2011
254 991
1193 4146
3760 1760
6168 5810
402 593
8871 4890
6572 4169
7158 9981
780 4184
5182 8334
7695 7081
6417 896
769 3582
234 4548
8369 9467
9330 1239
4278 5807
5971 2274
4143 9790
1010 1459
5162 6250
6672 6962
5782 3745
3439 7880
1015 9685
5826 8859
7726 8314
6286 1592
9384 27
3179 3646
1465 5794
2962 9579
1161 874
4947 7839
6823 7328
3364 2488
4736 8323
9508 7516
5878 5780
281 1632
5092 3431
8426 5584
132 4071
9096 1011
6159 1140
1817 9053
8824 6970
3059 8940
7373 9234
140 9082
1007 636
3160 9186
1616 3207
6914 4916
9059 5796
812 1373
9800 6062
1539 9717
8223 5212
3887 3513
7391 2417
9220 4263
9467 9494
4023 8327
5372 9885
7002 4455
3655 2214
41 3246
455 7443
2953 7417
6263 6240
1320 5956
7688 2169
3955 2858
3388 7201
922 1916
6367 6298
2139 2245
5008 7852
6852 3228
9402 7516
306 6247
9190 4374
2401 4507
6476 3647
9413 6451
7754 3948
4718 8894
7436 7581
3619 650
4767 5452
3702 3911
3837 4781
2881 147
703 2378
6640 9748
8224 2526
3178 932
1846 4402
4916 474
3405 5779
896 6149
540 4693
3535 9454
1297 9347
3802 3980
4367 9967
4365 5425
9378 8202
1143 9640
5983 7843
7647 7235
526 4703
4735 6620
4995 8061
3111 5419
6629 7660
4854 5849
8085 3563
8495 4578
3094 9947
2291 5321
8342 8850
6941 8189
360 7624
7416 4019
7369 99
8953 8126
3719 821
170 2292
8110 3236
7060 173
216 2361
4258 9009
9318 978
5563 6408
6021 7052
2756 8402
8194 9331
1411 4060
6720 7996
2219 8712
5719 7771
4759 5639
1941 271
4043 4837
1789 2852
3176 8929
3221 7207
4377 3486
6351 5025
7492 402
8748 5688
9299 64
8576 9321
8947 3634
5198 7283
957 3960
1152 6739
3720 5333
9044 1488
687 5853
678 741
6662 4194
9679 5132
8812 8886
7476 7616
4431 8501
3949 5078
7266 1942
5118 3507
5077 9565
6778 6372
3598 6642
2731 4322
5992 9672
1753 962
2875 5857
6015 372
3813 1713
5269 8146
7306 7958
4870 2295
7411 8833
5187 4911
3909 584
4733 2404
761 2215
4198 9379
6288 343
4176 7560
8450 5899
299 714
6270 2706
5370 3695
3769 8000
3711 6709
6920 5501
4763 1255
8321 7519
4255 6520
2472 7764
1806 9705
8518 5049
7850 5216
8600 6361
4067 2878
7831 8288
3466 7137
3783 1489
8424 5375
4821 7140
3831 63
6597 154
8868 1452
5808 7128
6898 4894
4901 3275
4568 3846
9548 2016
9676 7868
1946 6875
9353 1914
286 8373
7 4764
9739 7365
5858 7410
1507 3384
8840 1484
7298 2039
2253 5379
5951 1611
3422 6729
7075 5251
5187 7507
6018 5430
4454 344
4561 209
6655 638
3514 6750
3783 4203
2551 1115
4728 2321
1456 4605
2917 3414
442 9467
999 9221
4113 5874
7958 7597
567 4459
3786 7125
522 5202
2291 131
8750 5792
6134 3000
2784 2715
2001 3365
4706 2045
5462 1359
2881 494
1131 7960
924 5376
6074 6280
2157 7570
6229 1843
2139 4273
8568 4036
5738 535
9318 8538
5083 8005
1287 9882
9603 2841
6755 1463
6654 4239
1812 6062
780 3629
4270 1163
7903 2969
8111 5331
8549 7039
5362 8024
5157 5354
3496 2749
7663 7238
3930 2660
5122 8311
9330 76
3031 3069
6804 3625
7636 8936
1440 6768
8361 5358
4903 474
8776 3853
1982 9799
4932 8710
2937 3312
1902 4174
6158 2131
7215 2806
7483 4379
415 8387
2659 4239
4597 979
3915 723
341 507
7243 7864
3998 2687
7478 8688
725 2759
304 2343
4897 9643
2784 5581
4680 4663
410 2469
6274 6682
4491 1493
2880 3847
5504 29
6959 1071
8028 4922
5054 3078
2616 9172
6684 7069
6155 6340
5720 3836
6871 6680
2719 5750
3135 4290
51 4005
9000 147
2103 9168
3238 9995
5096 5984
4906 9198
4438 7133
8638 4182
4002 2284
8663 7992
7134 4886
720 9044
5751 7333
1664 4494
5039 3097
3968 7964
9170 757
2745 624
4435 8724
8536 5125
1244 2836
9393 505
6566 4920
5694 470
9321 4541
4059 1525
426 235
5039 230
1832 6522
558 1867
5987 6240
767 2268
7824 7374
1880 6170
3898 1151
3487 290
2670 8401
9676 7923
6790 5724
9342 5587
2707 4487
5191 2515
7252 7327
8577 8132
4915 9935
5076 804
5097 8728
4268 7129
6688 1993
9459 57
1630 3181
9744 858
4402 6499
9900 7192
9747 5656
2308 123
3313 8976
2058 722
9302 7775
3142 6195
7761 3801
5391 1230
7142 9459
4673 2101
5046 1838
9323 4229
6525 723
5802 7491
9589 5647
998 8230
2203 3414
8977 3392
3224 2438
4038 35
2030 4941
2032 8398
9806 2076
4983 5448
8842 9269
6873 5250
822 5592
1586 966
8968 3476
7341 1877
390 2571
41 6423
4444 3919
768 2588
7318 858
7021 6630
8591 5188
9041 7072
8019 2733
4166 1697
1148 7198
6258 4153
7136 9906
9608 3657
6790 1267
9310 3295
7050 9932
1471 1005
3146 9080
4192 5206
3253 3160
9214 3771
2559 8999
1333 8297
6508 349
1557 6238
8619 4450
7466 3281
5926 2777
2965 3789
4917 4380
688 9038
5893 1136
3146 5476
8631 2209
4116 1787
2926 9552
9780 6380
7721 9729
507 368
1297 6206
6117 1824
5183 26
3750 8247
3000 1254
4232 180
6869 2515
303 6670
6464 953
5901 7107
4369 4024
6819 1355
5154 9413
9561 2459
2359 6230
142 2174
8297 1969
1323 2690
9599 7735
5483 1038
9864 8160
3455 2215
9580 3246
6679 7750
2737 2503
1016 7838
8504 5209
602 7941
9911 7967
6652 9767
5632 3120
7977 5926
1718 7084
7788 2482
7079 4435
126 4653
8548 5888
4484 4285
39 8272
4338 3945
9187 7893
711 3330
8850 8330
8534 9337
3251 3254
4415 9035
5051 5195
4758 7809
436 4966
4768 4665
6492 464
5348 4166
9037 2996
5037 342
8645 9154
4255 5929
4314 9833
8858 1504
4997 1778
2222 8904
7274 6995
1915 3195
3134 1937
2826 1301
774 2266
1003 5395
4223 2411
5379 1239
3685 4488
7381 7010
39 687
2328 4810
5079 1388
4491 382
7338 7175
7447 2743
4459 7526
5465 6186
4624 7656
6893 6824
5161 121
3923 7959
2998 1897
5606 2441
7166 6642
7817 5976
667 6451
9930 1047
5620 6192
1597 811
9663 6938
4919 1793
2775 8277
1311 6548
2430 3817
9932 4377
2762 2296
8873 4621
8677 1873
2027 4357
1901 6934
8800 6931
2491 2020
5963 4691
9147 2961
5327 9287
1720 2498
1093 3339
7216 4340
8590 774
8405 5466
7181 2072
7447 6167
9829 233
5487 8377
5681 8304
4843 9785
1998 9260
5082 3266
4656 9349
3242 6703
2769 4325
5494 7084
372 3875
3388 6701
9158 6179
9172 3572
9003 1924
3187 2521
2430 1387
5338 1653
5060 8075
9565 7005
1666 811
8900 8832
2661 7083
4955 7785
7044 6532
438 7404
804 3404
9016 1262
9083 2211
610 8473
1658 7916
5145 7990
5600 2985
9061 6345
6876 498
5875 8748
873 8159
3625 2395
9874 8276
5210 667
151 6996
1957 8407
6947 1257
3302 7649
3923 7532
8583 3995
4927 4969
8089 8810
3167 7293
1904 5675
9927 8241
1121 8486
7777 2889
859 6005
8626 5668
4672 3013
3675 7310
3309 7378
8762 2844
2102 7057
5751 1101
2470 8672
8131 4327
3781 3311
3559 5577
9838 6626
1717 8065
283 9175
4825 8592
9454 8724
9218 7787
7175 2498
1403 2708
5896 737
6427 1985
5935 7516
8534 3525
1265 5632
1079 9977
8942 2053
6464 7643
4841 9842
5122 546
3974 365
7001 1170
5329 9811
9595 9819
6531 5484
289 963
3957 9034
4027 3895
2112 6644
8929 7050
3668 5675
3169 6423
9561 207
5982 5079
727 5743
2156 4103
512 7489
8906 4995
7615 9160
1105 3332
440 6362
5402 137
8345 632
4641 11
6775 5714
6503 8688
1427 121
7679 7415
9376 7862
2913 8859
8781 6438
229 5173
4603 48
8500 1689
8904 2486
5792 7356
877 3691
6166 2041
9508 9819
6873 325
4504 532
1730 270
2237 4849
4221 5363
354 4854
5267 6444
5113 7165
355 1241
3535 8707
7427 2327
7810 6140
8077 7458
5333 155
8724 3406
5120 3037
4714 8002
9037 871
8593 6378
2912 887
7496 5326
6910 105
2814 8665
6293 4883
4600 6318
9759 2408
3274 8521
7244 3876
9545 8037
2928 394
3178 9631
1031 6989
964 7242
9852 1896
9650 5463
2431 4944
3256 6420
5671 375
4496 8268
7148 6217
1308 962
9146 7260
5697 4095
4289 7550
5877 4384
1092 8997
2971 7248
9826 8504
7895 3955
9371 4321
8505 1657
4866 9909
2156 4896
6321 9917
878 7940
8239 3015
6128 6154
3351 7829
8182 3336
6737 8380
6492 8069
4663 3887
4352 4122
3515 3538
4822 9865
3757 1826
3464 2249
3448 6851
9703 350
3920 1569
3396 9170
5142 4223
4600 7565
5044 9047
5580 3750
2508 5769
934 802
1365 9644
1664 6191
7562 4915
7474 8920
7237 5998
4050 9299
5297 517
9937 7069
9320 8909
9105 6589
6915 2351
1599 7310
805 3338
2371 864
8220 2928
9680 253
7620 5995
2646 7046
4909 7083
220 7313
3079 5219
5629 7285
8253 1618
5307 3893
9349 6106
2796 1970
6192 3776
5670 6032
6302 1061
330 9744
3786 7297
1786 6957
9865 3096
8630 3539
595 6726
5479 8044
9605 1084
6010 5549
2189 9180
9584 8516
3616 4454
1465 3995
9666 9194
1219 3976
6572 9283
3507 2291
1985 9198
2264 7677
6126 4941
2218 675
9080 1389
8850 5199
463 335
2914 3648
7522 736
4733 959
3169 9808
9905 825
2266 599
1730 1708
5215 8487
3997 4862
2596 3687
3236 7495
17 9337
5007 3962
8458 6880
5820 7026
6313 4685
7545 9979
692 9516
5594 1895
756 2794
2624 8597
5734 2071
894 7227
9642 6103
9126 2349
6062 5216
1629 3520
6133 3225
9534 5234
5341 1258
9854 9204
6123 8885
127 5907
4797 5411
8787 2106
7252 8255
4095 6534
2327 9866
1146 6275
9449 3548
4074 643
5879 3887
1127 8510
1702 6899
7700 199
4254 4713
1821 370
6293 4115
191 2696
5379 4449
286 5377
2300 6831
9616 1773
4574 7180
664 1151
999 2305
4604 7277
1024 7088
1952 7431
6552 3573
9257 3072
5635 3555
478 2635
1456 7481
4734 1516
5041 1024
8004 6635
3164 1280
5627 19
2265 4437
9972 5468
8284 2735
9430 2101
8302 1344
79 7703
5453 1196
1027 8149
4574 4506
4871 9992
210 93
6360 624
5686 7471
4067 3008
7232 6293
904 1979
880 527
3195 7357
6778 2106
5944 5362
1266 5939
8090 8666
9955 5367
9080 3603
9794 8070
9137 2232
610 338
9247 7979
1348 7993
1662 8841
5296 5804
5430 3043
5479 1405
3902 892
114 1279
9630 6059
3184 5696
9524 3618
4648 7273
3158 8194
187 2053
847 3655
3002 4068
8585 4969
456 3143
9888 2324
3144 4505
2979 5351
9245 5038
1699 1404
6835 4673
701 8299
7802 6749
3819 9698
4928 5628
2403 2321
2958 3359
4642 5083
6657 5238
1429 4261
560 8781
5251 47
8181 5622
291 3783
6679 344
7734 6876
1058 8667
8576 3696
4777 9970
7492 1847
7979 3182
7251 4920
5382 7875
5741 320
3967 5822
3963 5752
8942 1197
3803 3955
3584 71
9905 4300
7029 437
594 6400
3430 3787
7872 5773
2192 8872
9529 5222
2556 7713
6158 2547
1618 2696
1407 2173
6065 9868
6406 7585
1538 6563
984 7938
8757 4439
6709 7535
7257 1738
6606 8357
1584 908
3344 3122
8767 8105
1888 6953
4883 6551
7017 1280
3652 4778
2824 3021
2951 9319
4213 5661
6694 1728
806 1024
8100 4407
1985 2228
3007 9144
8859 9367
9776 5986
24 1371
7704 8834
7773 3139
3661 9177
6717 9182
2543 440
4617 4959
737 760
5867 3066
3960 7541
2038 180
5359 7234
9645 7201
1235 8360
6750 4447
7338 9128
7625 7571
6962 9149
6075 5038
5144 4415
9147 4604
6036 4972
3534 9651
1867 7426
810 9403
411 8118
744 7226
1148 6110
513 6089
2658 9611
4747 3485
4342 3540
9124 714
8246 4783
8104 9559
4459 9200
548 8910
8821 8092
4507 4705
3254 8529
9726 7762
8547 2682
8212 3803
7384 3325
7373 5405
9280 1809
530 660
7445 4426
710 6304
5878 7567
4075 587
1341 5380
9183 9174
7183 3041
8922 1971
4735 6697
3142 7157
3687 7533
9334 9890
2095 7626
661 5056
3700 5524
9234 9775
6288 9345
7458 242
3502 2628
6327 9878
4069 116
1784 6850
3216 5676
5858 1838
1368 2890
1660 1107
8350 1652
9271 3612
3886 6176
7254 2687
8695 689
8359 5717
5655 2909
3114 2719
4440 3617
8982 3269
6046 7493
8351 4447
6929 874
4990 4216
1376 2097
9276 2254
1629 5714
3126 9615
5233 1354
2143 2699
508 341
6359 5746
9455 5632
286 7805
4759 4050
128 3946
8709 8606
6604 9109
1907 8217
4080 5544
2774 7707
4327 1528
6230 9054
3901 7977
771 5953
3782 2823
3586 9331
5271 3226
2357 1123
9384 8054
1926 8505
6436 8063
4910 7391
5230 9801
6424 7260
6483 9988
8762 6565
7321 6687
1558 9755
8911 6262
104 9692
4463 5573
9353 509
7082 4399
3346 2194
4014 9110
3969 59
7465 8857
9779 1733
5394 8521
5617 6433
3756 9555
8033 1096
168 7293
6804 9390
6476 8326
3227 9362
4916 8150
823 5908
925 7437
5521 1114
3619 4919
184 1661
3346 5481
3032 1650
3473 2439
3589 7957
6456 8358
6712 1638
5582 285
4309 8825
2269 8969
3657 3908
2475 1195
5855 5247
9584 9350
1788 2006
4485 5486
5293 6710
5362 3260
2715 1656
2028 655
1568 3980
78 4911
1889 2765
7023 112
8241 1509
331 7292
6686 6386
3923 1728
8052 4420
7018 3837
3695 9514
3382 9559
4985 3399
4508 7422
2165 44
4098 2969
6746 283
7517 5003
8964 1516
6488 9143
8965 7577
9440 14
2824 5727
6053 7383
7215 6240
1005 496
3679 3929
7271 7047
3593 7494
6191 5098
841 3302
8473 3882
994 5058
9738 4124
3277 1400
3717 6945
168 972
3747 8650
3819 4932
9837 1939
4337 9696
3195 873
6079 9814
9165 9728
1113 123
7426 8187
6567 5309
363 5311
3801 6953
9286 8773
2008 3361
2800 6936
4220 5046
9642 4710
5689 3039
9589 8662
7571 4441
9611 3737
5324 5931
9250 2256
6113 9490
6110 3770
8374 1192
2008 5569
9676 2514
844 6623
3063 7279
9553 4416
7588 3242
1758 2073
3680 2714
7074 4483
7223 4370
4144 3393
2875 6725
9038 3027
1395 722
2829 3663
7970 243
444 5453
9100 9472
4586 7328
1399 2378
9172 5025
9095 3308
3296 859
3423 318
554 3840
1326 869
4195 8301
6161 5139
4067 8656
3545 3111
7085 2284
8684 2183
4347 3778
1428 7772
2344 1143
5083 1453
902 2340
627 7906
6121 7991
4018 5637
3768 9491
4560 3579
8063 9643
8719 4435
3807 1264
2000 9703
8031 430
8038 4947
9003 1392
5383 9688
161 9160
9882 9097
3103 3796
8862 6324
179 4894
4239 1062
4071 5862
8872 2955
9953 4798
180 3252
6935 780
5939 4742
9523 1497
9681 5909
5061 3193
8091 633
6100 7843
6674 4921
8942 7849
5942 7844
485 6662
6341 4175
8303 5079
5489 5896
1248 3884
9882 4296
2356 8227
436 1026
7541 5600
3407 8598
5342 8514
3997 3617
5314 3962
9799 2093
6942 4191
5739 2549
815 9022
5865 3442
326 9679
7092 1408
1593 7764
2410 5783
6280 3959
907 8251
3201 8435
5215 5567
1313 6880
1561 8743
6289 4227
9086 1659
6376 481
7013 7256
2828 6229
3136 7919
1580 2906
6276 5928
5204 3458
2922 5897
7557 6954
303 9165
5810 6430
8707 2461
4406 1577
9271 7938
3967 1727
9573 6567
3600 5932
714 3339
2611 7657
6406 4686
7078 210
2033 3916
7570 2201
8403 2609
8494 6848
9985 3379
1748 2083
7818 4111
9771 5778
9248 1338
5885 8308
4685 9449
1207 2717
4307 6190
8108 4239
7238 3083
1285 1850
3650 2080
4030 2088
7209 6648
6892 4122
5954 5349
7717 2581
7134 8933
6549 5891
8449 3876
1144 6155
7326 1522
9973 147
4327 69
3551 3974
4265 6909
4986 9860
2289 1226
9693 6381
4764 7617
530 2078
3921 4193
6656 6648
9124 7214
5426 7449
7216 1726
8585 1210
6712 8102
600 2423
1570 1331
531 7348
9419 6707
7589 517
8961 1886
4279 472
3992 6323
9324 1697
8541 5651
8933 2714
3038 7559
8983 4037
4572 953
5371 1512
5699 6927
6402 8470
980 1376
9894 2430
3494 9865
3502 710
2150 7513
5531 1013
5816 7177
699 9283
9392 568
4879 5191
6711 8190
499 4927
2704 9282
6304 3508
1954 9079
1723 4814
1456 5835
3746 4840
5409 116
6584 8770
7688 2061
7031 120
9464 6681
9301 9332
4235 3511
8833 2354
8604 9237
4296 5993
285 7917
5334 1183
749 9596
5949 2157
1844 64
2057 5563
4923 4348
3774 6832
5737 7881
1439 3294
8340 3468
2477 1458
6503 7685
3822 8094
5779 2312
5056 4570
1816 599
2510 9324
7933 1151
2336 3501
4307 4016
7697 8700
5259 6430
3775 183
6109 5480
1010 7534
1375 9792
1481 268
6792 9396
6222 4950
2139 8100
9614 6285
2618 9088
3050 6800
5475 710
299 5731
1140 4325
6419 3415
1409 3340
3780 6480
8425 5561
5710 2187
8359 2381
5406 6593
8875 8383
4744 7366
5533 6103
836 6390
3788 6482
1677 5699
5615 1955
3285 3793
3582 8808
3830 1598
392 8570
3008 1899
4409 8618
9673 3726
5617 2630
8165 8880
6339 5483
6973 9830
742 2031
8084 4319
4915 8790
9830 8401
3301 1391
9648 6139
5915 8956
8081 9872
5646 2094
2738 6756
4580 8411
7850 9191
682 7749
3271 72
6962 1272
6622 646
9258 9326
819 8716
9467 7143
9669 1436
6141 844
4769 9905
8104 6021
3833 7023
9952 5481
9758 2191
1843 9040
4480 8412
2003 4635
5276 2623
8001 7526
3958 8753
5430 6095
9571 8069
893 5592
585 415
2085 338
7157 8181
6047 3681
8414 5875
750 1086
7261 1223
5334 2339
2220 9437
5834 357
774 408
7187 7228
1849 4668
179 2595
9703 9085
4955 140
9185 3317
3681 5792
7749 3069
3143 9
4240 2825
2606 5170
2294 4811
5442 2810
8101 6526
50 1116
7673 2128
7627 2317
4453 7540
5269 2453
9348 3685
2122 2825
5349 2321
973 9003
5434 7638
6769 8459
6602 822
1812 4306
451 6423
8930 7395
7819 3582
3093 2960
3914 3225
219 6411
9278 3222
3663 7610
850 6429
5257 4371
6894 6968
1475 644
4688 7457
2040 8709
80 9107
3314 4206
3149 4770
2824 6174
7408 26
9118 4047
688 3383
9490 9051
3593 4852
2212 6476
8436 4535
9656 690
3049 3381
2836 3726
1715 418
2390 4103
8377 5016
3676 9404
7319 5548
6808 4336
5510 8113
4259 480
8724 349
4277 3287
2079 742
8699 8856
5253 6762
6869 8264
8967 7708
884 3378
8503 5781
9555 8187
4314 2792
8284 2492
359 5307
5670 866
8174 7824
135 6560
7748 1987
3570 9347
1175 7093
3176 9078
1221 308
5225 2185
1398 7189
5840 5801
9897 7363
5844 9033
8327 2032
5133 2805
8957 2976
5756 2388
9601 7215
9239 4294
6830 9556
1304 2051
1482 7413
6457 7809
831 2063
1180 3995
9227 6754
5618 2816
5005 4457
3511 9348
2580 7536
2969 3259
6051 4553
1829 7775
6915 8072
2857 5108
3768 5206
6642 7687
7682 9231
640 9746
5223 9115
9965 2180
7355 1562
9266 7464
9333 7376
5372 3893
5247 8379
5972 1515
4654 1222
1719 3187
5602 613
9203 3203
6696 9608
1212 3379
3888 5181
237 2659
5611 6430
3077 9481
4977 4996
3054 7617
7115 9515
5600 1264
7913 9226
987 8694
7039 2630
5131 69
9936 7985
8170 7607
6010 8842
1849 8780
830 3348
3590 3559
6938 4796
2502 7691
3486 9036
6345 842
1601 4745
3287 5186
4937 4916
9968 7101
1832 6845
4367 5504
4571 2106
2367 9442
2497 2822
3155 4900
2678 2189
5773 1228
7255 253
4028 219
2366 9525
2834 9099
4478 1930
6554 7987
5163 9597
2313 7924
6996 6399
4077 709
5228 4074
3903 1965
3623 5297
7222 4890
5405 8701
1111 2363
7641 351
3662 2493
1532 5717
4854 7372
3431 5923
5784 5496
4338 9137
3464 7652
979 1667
5423 8814
3233 5897
8207 6981
3148 1632
8327 7521
6125 2063
5301 5619
4656 2746
4750 8526
9560 9822
4208 6706
5763 4509
2372 8489
8821 6890
7666 1604
2777 6797
4769 5701
4076 1087
8891 3057
19 2172
1996 4979
6120 5795
6753 1353
2868 364
4842 4756
1832 3621
5887 2935
9500 6664
6158 3440
7608 2130
612 6672
4529 4666
2976 8029
13 4005
1772 8748
2571 7622
2399 2511
2398 575
8703 8470
3398 4640
259 4012
5353 1261
9070 7283
2380 4655
6282 9362
447 7757
5697 1164
5425 292
5167 9258
8937 7126
5900 8797
8962 3728
6537 3284
7061 6571
2500 1535
6443 2905
5815 6249
9325 3765
7724 9657
7186 768
484 203
1473 3347
6169 9349
2663 6724
8242 1370
9137 2631
9975 3145
6 2394
139 4720
1937 5062
2340 7070
1984 7743
3654 6183
6683 4640
3482 9898
2344 4001
3564 6627
9824 9870
554 7147
5139 6949
6 5818
8653 9817
6832 5883
4305 6308
6254 1357
6331 1790
4658 6781
876 9671
3067 4234
9207 8928
8195 8199
4117 9761
4557 8081
5966 2078
2994 3373
5962 5742
1275 99
6319 8602
6714 4296
9093 4421
9122 3010
8209 790
7142 8733
2017 8169
3974 3819
9997 7041
175 3902
9950 9522
6415 3155
5470 3497
4434 6732
2782 5024
5930 8151
4379 648
5628 9899
7289 8504
1532 6586
3223 3373
5513 8052
3407 6423
6697 4996
8304 2525
3202 1936
6850 6815
8506 7822
327 943
6186 3748
216 8052
2288 4001
8379 5734
9442 338
4381 8971
8953 5247
4690 7234
1655 4049
53 4601
3433 4486
6562 977
6419 9853
6716 9324
2819 7424
6402 9703
8010 8158
2859 8646
7324 3114
7562 7862
7054 6108
9805 8570
6970 3634
1883 3417
5418 9827
7318 1587
4216 2932
7983 800
3185 318
5723 7499
784 2979
2808 2496
1054 3394
8251 9940
5018 4895
6199 5450
3805 3247
2835 3130
84 4071
8718 4886
4679 9417
6754 9417
5689 1614
5743 2076
4649 1561
7998 4702
8802 6085
4202 8354
1651 4555
1585 8951
5117 638
540 9042
7513 8309
4245 6240
545 6585
9943 3640
5424 6037
7148 6888
6680 988
8649 9741
3747 2223
5728 1104
2252 3534
84 5195
7500 9873
1484 9408
2835 9307
1652 1214
6291 3316
9448 9689
5699 6038
3836 8464
9869 7968
9339 2946
525 2157
6671 8819
904 3753
2363 6452
7938 1779
7820 7660
4002 3545
9587 1641
3938 291
3642 3028
8506 5810
13 4833
3940 5042
1955 3147
1262 181
7636 5248
7494 3383
825 9173
8190 481
9978 3969
7456 6760
5967 452
5698 1159
2986 2375
3358 3546
1892 472
682 6520
8393 7502
7765 4783
9849 258
3905 8702
5835 9575
9314 156
605 1846
3149 1742
1612 4518
9840 7184
1767 1944
5288 2996
5457 9531
5613 6077
6505 3391
499 9267
3172 666
607 2377
1084 7046
5625 5092
1547 7639
2827 5678
2025 4963
7905 209
5461 5533
5740 2764
9627 5047
9987 4031
7404 7120
5248 2562
5266 8841
111 7818
1417 6398
2342 4165
9927 8804
9349 7287
8824 9923
1122 3313
7544 3833
1349 6380
5468 5327
6541 1480
9226 7906
7381 573
7885 3670
5832 1714
2061 1563
3879 8738
8151 815
9853 5401
9692 8786
625 7937
3042 8250
3123 7179
9457 6058
3147 9220
4912 6050
3467 945
5019 6128
8607 7047
7569 4805
2663 7840
6728 2844
6450 9864
3967 2174
9255 2327
7914 8909
3636 5750
9545 1766
4637 9166
1979 174
3786 7808
7961 9915
8220 5028
2054 8746
5389 4804
1630 4159
1710 5736
2047 1024
1480 6199
1378 6228
9014 5814
69 1649
9043 4557
2636 2597
3883 3937
7978 6810
4575 9339
3024 3775
205 6226
4425 8423
3534 5596
6995 9267
6098 5786
8640 837
351 3801
9492 5119
7107 2223
1388 8516
201 9410
134 4542
8534 417
551 2690
930 4267
2331 6200
540 3982
5034 7124
1347 2140
773 5377
8057 9256
5553 8864
5781 4802
9175 8099
9338 7604
4694 3747
4842 3503
683 9475
8565 3636
8783 8142
8115 8436
1100 3153
5216 7976
4762 5368
8874 5248
9422 9592
7016 7919
3561 2400
4355 3738
1060 3534
5143 7856
8534 6419
748 4545
3325 3013
9701 8141
6841 6200
679 1807
6649 3176
4538 6663
2077 8462
6590 9785
2283 9266
6163 8774
5586 2081
8007 6330
8045 848
5702 6341
9694 2006
1866 1299
834 4822
4722 1350
9564 2341
4208 9508
689 7447
1073 3914
8629 4013
3911 1939
1281 380
5240 9460
7839 5196
7934 4063
5340 2180
5442 2140
4416 5944
3471 9042
4218 4917
8508 4834
6438 962
5889 9129
2974 7042
2296 5044
4094 6255
1296 8767
3654 4417
8509 6801
8441 7065
8467 9360
4728 4175
9261 1153
9286 2197
4698 5586
518 1590
2023 9820
9847 1598
995 4074
3796 1052
5243 6760
6536 4371
1145 6162
9085 8805
3250 5314
2125 4223
4615 9678
9457 8025
5295 4790
2228 7460
7362 9347
6952 5656
2370 168
7917 1855
789 9121
5357 79
6803 1742
3670 159
9417 2624
2914 8688
7686 2585
9198 2995
3701 2302
6326 2337
5296 1351
1860 2327
5675 3745
5278 2323
3224 7612
9779 4347
5103 2433
5044 8662
6501 2177
3827 3550
3937 8343
7248 340
4646 5591
4006 797
68 7362
6579 7388
4834 8675
6857 6043
4298 4562
7922 1466
7488 5653
8122 2254
5051 6126
20 3397
8632 3896
8806 503
8768 4819
6469 5399
9532 5319
2010 7006
9133 5106
9683 4221
8645 4122
7872 4490
3100 7103
6062 3880
9863 5923
2933 328
1274 3705
8381 942
3227 1532
4336 4110
1993 6759
7600 823
9830 9813
3675 2182
5527 7454
5893 127
9240 682
6200 9623
3298 29
7175 3202
970 3228
534 1207
6229 9748
4438 8703
4717 3704
2670 6910
8950 5726
3599 1789
9204 9767
7016 2666
2730 905
4606 893
9150 7291
2267 7746
3855 1733
9677 2895
9475 3677
710 854
2210 89
9411 8979
1515 6805
7438 4570
7842 9323
8744 5031
2162 9979
419 4245
72 2840
9733 6730
1386 1291
3656 9304
3165 420
1985 1177
5263 7471
5681 3559
8221 2685
6784 1323
5271 6054
6823 6239
2653 2300
598 1414
8073 2306
9122 2273
4633 26
8360 5123
4972 4959
678 6400
8139 3583
1258 2009
6703 6478
2098 4383
4762 4696
7687 561
142 540
9241 2477
7461 9423
8052 3485
8807 276
7916 8915
8480 8523
5416 6134
5765 4287
7465 9278
4002 7267
2168 6819
5348 6324
6580 6011
7938 8859
5290 6057
7676 2891
6736 5919
4299 576
7677 952
8879 5553
8783 4121
7223 7069
4749 1166
6577 2179
2059 4156
6310 6306
9576 1784
3779 9008
8411 625
4539 8982
1641 6142
8709 7707
3244 1068
5170 8694
3885 9174
197 9133
6664 7557
9136 3551
8573 9636
5831 1398
5627 5094
3169 2848
3008 1429
3796 178
2236 5721
5817 8954
4664 8878
3999 1122
1621 156
6898 5667
4764 3645
1057 3396
6224 8231
9908 9543
2263 4878
8575 7772
8606 6266
8136 2010
765 1884
8399 8424
2965 1714
3658 8972
1322 1075
9534 3151
4546 5108
6987 8435
531 9838
2430 8971
9615 570
5732 6400
7689 8842
9428 5188
9718 3901
6895 8765
7463 8596
9394 7368
5818 7547
1640 5670
6865 6672
4594 2042
7297 673
7281 9348
1842 9423
2874 1258
5480 2797
2020 7501
1973 6087
1688 6196
3820 8771
6718 1410
5143 5411
2402 2078
4861 3288
1183 9525
1584 4475
1382 3263
3573 7796
5521 5379
413 3015
6867 5940
6801 2111
9050 1792
2678 57
3527 2353
6952 9188
1067 1503
2192 3447
5648 6540
7055 7132
6814 4085
4956 2774
6415 8063
8521 8510
6655 246
7306 9986
2754 4769
7266 6816
7957 4725
8858 5520
8184 8685
1219 9769
7922 3807
7528 7773
8610 8752
3091 4867
5740 658
723 7083
1737 3308
4939 9442
1000 9337
812 249
7369 5852
8580 6220
7034 1331
1697 243
4656 9290
3032 6008
3173 5858
5499 866
2687 5957
4401 9261
1743 4486
814 5628
2244 3232
9153 8394
2910 227
2103 4404
4918 4830
4215 4614
1419 214
18 9226
2024 8423
2551 4262
9754 8316
5207 5789
263 3276
4921 4982
3942 5056
6897 8571
684 4166
2163 112
1275 8928
3651 146
7667 2873
6233 1224
2664 699
8360 5089
6870 889
636 3646
8460 5558
5660 2474
6362 1172
7960 8717
2769 4171
2710 8232
210 9395
8250 8556
8009 9530
7313 1816
3911 2554
9842 5982
5774 3245
4605 1233
2173 2183
293 349
7085 669
8471 1999
1528 1582
6418 3917
214 1552
7404 3427
7454 818
9714 3570
7897 7201
905 3706
7622 2122
3098 800
4552 9420
3047 1832
8160 8365
6738 5076
7661 4292
1816 251
4495 8472
8300 8680
5299 5772
5092 9783
5381 1514
9729 3877
4664 9319
7034 6267
6490 1192
1332 4945
3130 3844
5051 8688
4092 1992
7861 9872
8247 7807
4547 4525
5198 1186
5865 8984
1419 5170
9461 7553
5515 31
9448 1501
424 6136
8177 6564
2900 514
7839 9834
891 1031
4373 1232
7164 5918
7148 366
9312 8197
6499 9982
2703 6848
7334 4988
6172 1358
885 3109
535 2663
277 5863
6715 5653
2486 3238
8113 6697
9064 2060
4512 3604
1190 3591
1510 5888
1619 5616
5373 7671
3563 8530
9696 5407
1965 4394
1502 3418
4985 1635
2297 8716
3700 3275
6675 5880
1110 762
7789 780
9848 2679
5866 2106
5572 1307
5964 7406
1250 4561
933 1182
9306 1192
6823 7897
1573 4853
7241 3160
3090 4998
5853 695
7482 6553
703 1130
583 1628
6732 7542
2481 6499
2825 3079
7884 9321
9653 9637
7258 5318
9966 260
8127 2833
9247 8822
4244 1327
2129 2992
8190 9186
3924 83
2952 2713
4793 3227
1356 8419
7693 3466
5948 8127
9916 2252
2776 1502
3227 8583
9765 6595
4108 7429
1327 7467
6952 5311
1057 2420
3631 6288
8173 8624
8504 3847
5068 3476
5994 9984
9348 7851
2347 4113
382 2536
8012 4986
9388 696
1337 901
4735 4646
9863 7352
107 7364
2763 8180
1648 169
7529 2035
5506 295
1724 2346
2472 1423
1556 3960
6765 2193
2442 2829
2921 3544
7914 8199
8837 177
2882 594
4423 7673
296 39
233 6128
7548 8641
6839 6776
1713 6840
7841 3148
6086 9857
7711 6203
9040 5275
4252 5433
3388 8868
3397 4808
7356 7569
2564 5858
9053 9942
581 6890
638 4075
7757 5640
3350 8799
4295 1294
8632 584
6119 9093
757 9853
1510 9947
5507 176
2272 255
8091 1489
3485 1701
4005 6066
5880 2608
6259 1923
7402 6005
3069 2825
9605 7681
1168 9128
4105 8023
1155 9738
9136 7036
8396 1885
5253 457
5969 3976
4717 4137
2722 6789
5432 240
4683 2826
4700 5665
7457 2700
2536 3539
9575 3961
8790 6419
7528 8819
1508 1645
1061 1929
9107 8490
3187 9985
3767 9310
9230 2901
5716 8592
1149 3028
227 5405
5297 8909
4159 7908
9903 6518
8527 3852
7498 2218
5429 1631
2316 6613
7187 1725
4734 6010
885 3381
2693 5378
4918 7911
1325 9339
2665 4287
2571 4517
8088 7553
3029 8727
8519 5741
1062 5167
2472 5041
8316 4200
8098 151
3676 4397
2533 6695
3792 1938
3154 2138
6133 9379
8209 9903
3745 8835
8971 7046
1466 8680
2834 8250
2833 9950
7518 6177
6536 705
4830 8566
1410 8531
4325 4943
2866 9091
6698 6364
4261 9396
8470 9006
5774 8301
4605 1819
9971 4566
6780 9833
3314 9306
3412 3752
1997 9692
6570 1273
5908 6847
6683 2094
6517 3210
6834 8328
4801 8157
3993 9510
9984 3205
8108 3565
3401 5718
1506 7996
366 6002
8720 6826
2104 411
5010 21
2054 5688
9808 7231
285 1088
1795 5659
5984 4418
8344 727
8052 2500
2357 4019
3321 8782
5003 3284
192 2934
7809 8851
1405 9274
6558 9161
9459 2453
6497 4248
1707 3563
9870 2945
9308 8274
8366 4882
1581 913
525 4753
2598 9258
9141 1459
8620 2878
5737 531
928 4301
2109 7057
3839 1097
9054 5412
7358 2552
8997 1873
5554 2751
8700 8925
4080 6830
2866 2956
6324 2559
356 5199
1848 6926
5630 1285
3114 7609
7957 5918
6865 8510
5949 4770
7588 4020
9877 4049
5500 4424
1233 4883
1233 625
1395 7752
6025 3572
4353 5341
3815 5637
7716 5548
4065 6424
8824 2717
4177 2210
6932 1266
4345 1905
847 8440
5140 7883
8760 4466
2207 4443
6279 3896
510 4095
8353 7183
7984 3982
7240 5131
4743 7955
9348 8572
1683 305
7771 5707
4107 7394
2765 6541
2830 6129
668 8333
8262 6207
2757 5621
9098 8612
3021 6649
4789 3350
4423 4671
9716 6425
2515 8980
3884 4875
397 6659
3212 5596
6005 4062
768 8049
1474 9011
1872 9034
4039 365
7109 2572
6687 3376
7500 7196
7454 2445
1584 8798
2989 3715
2429 5833
219 478
2621 8361
3832 3405
9276 6061
1908 7672
8683 2939
2123 5188
6800 5904
2287 219
8703 8206
8755 8332
7817 9222
6929 9406
4800 1677
9070 1039
8627 2457
3636 9489
9544 4564
2945 2352
9373 3131
7831 9709
4943 3753
9525 4523
4133 2794
4266 2748
3647 5877
5006 4045
3648 4529
2308 142
353 7628
2491 868
951 7011
3956 1269
3154 7824
9053 7915
8732 360
5095 9347
9541 9260
6297 8260
9037 7380
9425 9044
3046 4958
638 5377
9293 1465
1386 527
2929 6077
2152 2026
7292 1501
7208 9734
2995 5090
2849 1883
6105 9190
7279 9650
8525 5926
8921 7116
6717 3334
7464 4093
8244 9396
7490 2977
5728 2560
573 6815
5672 3022
7678 9097
7583 4424
3014 2446
6028 3466
1098 4006
4409 5135
9086 6867
8350 8195
895 1462
6821 9723
3136 9001
9546 9102
1028 4875
7648 4779
5888 140
1047 3920
7630 8505
3441 3740
1758 4889
164 361
8287 5691
2298 3535
876 5443
2129 5416
9120 8803
9576 9228
6821 8597
4407 1178
5398 727
34 228
3547 7889
9834 4472
2269 4910
7818 3711
5522 3677
802 217
9576 8699
6427 4131
7821 4018
7069 5854
6015 7332
9986 7822
7933 1099
6224 1594
6353 2165
5269 7885
6966 8091
8470 1367
942 6996
3457 5035
664 8176
4606 1134
1693 4351
3404 4427
4203 4843
8165 2189
1276 4968
28 669
3036 4749
6626 9752
7252 7359
3811 2814
6740 7936
2926 9512
6855 6122
1182 8223
3106 2454
9773 8757
3440 4725
632 2942
9893 2441
3248 3254
948 2979
8004 6775
1962 2334
7901 7186
2598 2617
4321 23
6667 2107
4930 1148
3274 7432
5537 7457
211 5638
7148 8610
8162 6473
2253 4990
3736 3954
7760 2570
8814 1345
3531 7315
7391 666
4235 9791
6673 2698
4370 3137
9996 3537
7 7462
1789 5116
4647 8343
7481 786
7980 4895
9993 804
1212 2729
7190 7399
9285 462
4395 5057
823 7732
1020 6932
5992 8504
8998 1296
3802 6092
7861 4150
1225 5932
1711 2087
6962 7834
2594 20
2674 6252
2111 8414
22 4040
3587 9484
3495 5726
5628 1997
3801 4121
9566 1182
553 1139
385 5792
6161 6064
9962 7732
339 8237
5988 2327
399 6964
3026 4226
769 9186
2282 5003
9467 3458
3704 6370
9006 9388
9785 2353
6209 3898
3822 7671
7098 4321
4036 3357
6004 7017
1086 7584
5924 5318
5425 8361
255 993
6578 9165
6684 3273
5652 5607
2851 2110
4535 7615
6407 7322
3450 9719
4066 1486
1756 8959
319 6352
9882 8647
2613 4537
5388 7574
4608 1132
4847 3966
2324 4213
6921 4375
9548 1352
8499 2649
5101 7337
1664 804
9870 9893
4194 1376
1930 1073
2448 8537
2739 9190
2070 7576
9295 9332
4723 6099
1240 5153
766 9418
7375 3443
7573 8329
1402 8265
164 6723
6981 4072
2219 7929
9312 4333
9957 7112
1789 3126
6211 5556
7275 2895
391 5014
5445 8014
1012 5473
637 7149
4296 3998
5155 7430
7391 9610
3827 7750
9753 1270
5052 8647
5254 2167
9384 6735
2433 2050
4101 6089
1006 2139
2758 1857
9650 6091
6240 8127
4597 2415
6038 8480
5790 5302
611 6064
7669 8364
677 5314
4545 8067
9968 6974
1344 4264
9280 5580
5023 2469
226 7702
1763 8218
316 8028
2190 630
9372 8589
5678 3510
9262 5800
5374 1805
746 3260
6061 72
1202 8192
9150 3231
9747 3335
3606 8045
352 1916
2238 5701
7093 4736
4402 9324
3914 4569
4576 3738
9620 4180
1930 6625
5332 1291
8108 6335
1116 3345
2437 8041
4605 51
4712 4389
1031 9156
3663 809
7554 1269
7232 2301
1330 3726
19 3417
8044 7523
7428 6012
7918 443
8740 9822
2439 7362
7540 5232
6375 5204
5403 1344
8877 6103
1545 9984
6666 6195
1479 1593
9936 5729
2636 6265
5261 8459
1392 100
1798 6928
2006 5676
9644 6493
2285 9257
6009 5214
6752 4759
4259 1183
3024 4757
9525 282
4338 7965
9530 2180
1902 558
1272 1491
9928 9325
7879 1711
7687 7794
7817 2996
414 178
1062 6317
811 9655
5495 764
9171 359
3478 7463
8295 208
6057 6857
3157 7598
6718 997
2080 6953
6186 4653
9952 7334
7589 7863
4024 4183
5424 8621
5159 2671
413 1927
6938 5848
1484 6847
2077 6696
6823 1773
8713 3533
5822 7388
4498 1599
2407 3526
5354 6272
1425 8317
1176 3658
2181 4463
6452 699
7214 2433
9541 2180
5184 5785
9394 7405
6786 2290
2014 5270
3753 7843
6826 3098
2047 9069
45 6430
4799 1002
8242 2008
6367 6301
8089 823
9193 4816
3994 4340
1371 3895
3764 9126
3826 5294
7842 398
337 1952
9314 4133
7154 2658
2204 8654
3452 2189
3323 2711
4294 1523
9075 3992
4668 1937
3246 2311
7298 1605
9901 4609
1998 7085
9440 8315
9985 216
3031 134
9473 4819
8782 5533
9782 7653
80 9416
3708 8987
3456 5455
4423 5032
5025 7910
9818 1701
332 781
8121 9870
4694 2824
1241 6382
1340 6566
8000 7706
6709 587
7624 3697
2162 8823
3039 4099
5355 3732
1475 1859
8053 2081
9808 6027
1541 3239
3469 1830
9653 3004
2136 6719
4112 8556
6567 9160
8505 8402
2357 9573
6913 5816
9470 4476
9823 8115
8901 9910
5995 5653
9341 9299
7377 7333
6510 3879
4775 727
3492 8428
7316 3560
6584 6511
321 6655
7280 471
7341 8056
6666 7138
2150 7036
3780 8636
945 669
2220 7278
9503 2229
3888 1457
4886 8011
2071 8624
8053 4248
1032 354
4867 9515
887 1610
6022 2108
3930 961
2423 1500
9125 7087
9924 816
4914 4100
7935 7311
959 1886
9487 7469
4176 8370
8562 9783
5215 5899
5864 5562
9603 2097
6475 6591
1728 4778
9414 1507
4794 5565
8850 302
3475 8522
484 8436
5121 2051
525 3045
4042 8472
5027 5466
1973 3911
9276 9518
7303 4976
9070 255
3345 1887
2879 4949
3766 8403
3896 6947
7657 3508
273 3787
4380 8310
252 28
761 5521
3532 363
2488 3122
4043 8519
997 4178
1163 4916
1035 1973
6727 9553
7866 2099
2951 1048
460 6452
3292 3060
2475 2473
8559 1910
3774 273
5787 8936
4494 4519
2097 9798
8388 1566
6763 6311
6093 2904
1107 3974
2634 9613
4858 7807
2851 5471
9260 5122
1774 9331
3443 6637
3237 887
5142 22
4041 1493
1842 9541
7470 9678
5406 9889
3800 1656
8406 7993
7346 3112
6930 5961
5444 584
2778 7748
7037 4804
9934 1946
7041 8809
9436 1480
6530 6762
8436 4958
6836 2104
6644 8169
3272 7524
702 6918
8525 4287
294 5656
2132 8984
5516 5700
9810 5556
1122 2400
5900 8432
4262 5915
7895 1061
7803 4228
99 2569
6506 1512
1158 3012
2540 2140
7266 7482
9433 4915
9741 3908
8090 3186
4040 6091
8371 7035
6323 6333
5859 8087
1831 7348
417 8543
7105 4759
8247 1336
9692 4361
9890 2802
7551 19
3153 9457
6700 6203
8359 7253
3652 4191
8224 3607
5369 324
3300 8195
5139 1598
5807 2699
1377 1011
1005 4846
4726 155
1763 9978
8188 9305
8233 935
3159 6897
1380 4381
3650 3004
2481 3368
7945 8783
1602 1304
9607 1328
1142 6011
2294 5387
2638 4562
3036 8103
347 4083
1440 5559
6241 8021
3140 5151
4098 5951
5108 4575
170 2987
1581 3939
716 5789
1035 9163
7199 4277
161 8021
4603 8715
4951 2162
3619 2816
2022 7684
6240 1907
4088 9668
7680 7715
483 3488
9677 641
9011 2291
1737 9809
8092 4840
6148 1982
860 9309
4786 521
1517 2841
4440 8515
7332 5420
3727 8962
5593 9836
3657 5290
6616 8762
1463 5440
1203 3210
2566 7939
8641 909
3567 9938
6906 8053
7696 8105
6774 6002
7543 1546
6020 9736
7193 240
7500 2694
6881 3863
5194 3557
5470 7802
1498 4400
3937 2657
2121 597
3164 7624
4950 4179
3330 2850
4791 647
1593 7315
8785 6272
2822 2608
4103 844
8135 1220
4663 2016
1211 5948
3551 5442
1388 2504
3027 8644
144 7691
8693 8111
9469 9250
7555 8832
3869 7399
4684 2796
4926 26
792 8097
8389 3608
2388 636
4997 9045
711 3369
5552 7732
3759 6519
7410 7608
2115 4605
8144 4500
8129 9348
2969 8844
2577 109
4423 3442
8477 8858
1352 3934
4388 3676
2923 232
5612 840
9831 7326
8192 8538
9037 5966
4763 3689
9712 589
2787 9568
1776 5861
9133 9320
6458 5442
7357 1480
9863 7333
1446 5815
8727 9995
7411 8325
276 1889
8203 3769
1135 3369
9897 4710
8906 5195
446 436
8558 9800
4547 9557
6464 7740
5616 6640
2671 3013
96 272
1987 4837
2419 917
380 9436
905 1184
8398 5357
903 899
6894 275
1353 4743
3347 4243
4853 2609
4714 6547
8492 9983
8267 9716
4999 9328
2265 2036
1475 3439
9187 1520
3955 9414
6063 3343
7136 9224
2777 610
5601 3008
1924 5347
8735 6868
551 4312
4450 1090
3574 2295
123 7027
8334 1345
5740 2856
2131 5626
3651 4847
7163 3973
8590 3434
6878 5260
4568 888
695 3641
1555 565
1313 2789
7609 1889
6795 1566
6948 1110
2741 6963
5638 1345
6787 8877
1392 4642
3701 3519
5105 6209
4098 5200
9353 1032
6946 68
1456 8312
5868 2868
4923 8816
6555 1694
7296 5853
1382 691
8082 3869
4611 684
9141 8377
5062 9105
5473 3658
9765 9190
850 1230
4336 133
3158 8109
1908 7931
5571 5078
2833 8421
9781 7142
4358 3149
8088 6448
5076 6959
3645 7749
3406 3855
3131 382
327 9676
3636 8531
8412 950
8952 5736
1926 6208
8775 2306
4016 1391
9600 9037
3679 2011
8277 1214
4877 2666
6003 1293
394 9948
1021 8631
5809 7161
7471 2536
5154 3005
1055 7496
3021 7639
8 147
2092 5568
2849 4511
54 8276
98 6624
3218 5808
3370 9074
7876 414
3399 9480
7161 936
6367 7617
1340 9660
257 646
8912 1243
869 7669
9221 722
3481 927
6948 6136
4173 5117
8046 687
7532 6453
757 416
5502 7303
6673 2266
7553 5705
8522 2514
5627 7464
6522 2609
5351 6187
1424 4607
6667 1480
9748 6522
4688 3977
184 2071
6033 3043
7973 7528
4891 5633
4383 2214
1287 5977
8011 8095
507 3086
8904 8894
5154 7696
402 6963
4915 93
4578 1149
9671 4971
9630 629
3859 409
5924 8523
3279 6059
2120 5338
9946 5776
3221 9692
7038 495
2551 7192
7456 3491
6330 4427
1374 3925
1740 167
6835 8610
535 3476
4287 9022
1375 1835
7937 5701
6841 3896
285 2170
3019 3665
5778 4457
7219 4140
1630 3762
1621 6229
5482 3775
2874 1701
1662 8518
4474 7113
5333 2663
2431 9687
7344 1183
6511 1618
170 2586
4640 6164
8716 3677
4927 6602
7891 6980
4078 3589
8740 9524
4508 2872
6956 723
7784 5342
5407 9659
6686 5107
8897 2627
343 862
5422 9090
2354 5337
3037 7930
2142 254
7335 4926
9673 3719
9685 1212
3164 2203
3999 425
623 2920
5201 5060
8737 8159
4790 3453
4298 5856
1906 3881
5162 4719
7539 1820
484 6708
8709 6290
8057 847
3041 9523
6082 5325
3481 7675
9099 3840
626 2255
9643 8372
224 997
3493 9037
936 8443
1521 7177
5350 9363
636 2845
609 4049
5025 2204
679 9058
3982 6711
4063 9039
8252 7748
7385 5506
6232 6842
109 8229
3919 3592
7676 311
5850 7969
8353 6027
142 3596
2630 3599
5974 818
4145 8262
7953 9527
2946 8361
4489 2246
7332 1178
1951 2516
4018 293
9791 2060
5486 4695
4266 3724
7997 8076
7055 5112
5741 9591
9454 5124
3115 6211
725 5137
2055 6548
9571 4633
6611 6958
5460 8286
3753 7856
5637 493
2919 8950
1566 2620
6834 3594
1942 8309
268 8257
3721 3417
4842 2138
9295 7096
6169 8673
4751 46
8946 9235
9165 6962
2219 8322
542 2577
868 7215
2055 9869
2843 8904
9858 2318
9071 7305
8862 8118
2325 8430
9673 3441
1661 8866
6999 2985
4928 4351
1680 2041
3890 2254
7962 6435
6115 7141
2849 1312
4085 4590
6113 4966
1220 161
4172 651
6652 7347
4172 9342
9197 3526
7080 3571
707 3653
9126 4271
6744 6495
6948 2149
4637 9657
2848 3835
8548 870
7262 7436
3937 872
1506 46
1919 1156
5642 6927
8893 3981
7715 3856
7306 7864
1406 6144
4411 4386
6528 8471
5860 7010
2960 1371
7406 9688
6532 5167
3509 9488
770 4217
5273 2956
3992 7162
4091 6006
5697 6509
9007 2084
9215 413
8207 6388
6944 7192
7060 470
7762 2664
6868 8304
3125 5126
3504 4472
8531 4416
9680 3194
3672 8016
9098 1615
1041 6264
1744 3536
9961 9036
8811 2822
4404 3303
4378 5025
8089 7516
9122 8031
3090 6564
2615 3711
5322 3167
4509 2064
8524 186
771 9388
618 5228
7856 166
261 2199
6978 7497
1304 8811
8688 5716
183 9864
6060 9645
7488 7574
8705 5759
1475 8212
259 2167
1446 4457
4697 5460
4002 151
7882 2280
7931 9354
2853 3477
7638 3339
6048 9473
7554 167
9082 269
3102 2858
3139 9686
4621 741
1070 1878
2681 473
2746 4488
5521 2259
5219 8511
7384 3097
694 2119
2350 891
8304 8374
2642 358
1227 8834
5699 2398
3735 2469
4295 5946
2905 3442
2987 3320
7335 2360
2451 9485
1490 2327
7989 9182
6339 4045
4895 7923
5908 9066
3436 9604
4920 3581
4045 8810
3561 108
7106 9761
3212 4905
3021 931
9636 5638
9574 8942
8988 5505
3241 8616
1410 7576
5802 6823
9160 9835
4072 6880
2546 5043
4084 2231
7206 7212
1813 2705
9784 1194
2561 6735
1683 52
2504 7922
4893 9824
2302 9485
5265 3616
3318 281
8274 4707
7427 9894
7142 5644
397 4022
2652 7624
6404 5213
2880 5425
4434 4954
3480 8602
2429 5151
5950 2008
9854 6053
6039 2731
5137 2270
9294 621
9130 7897
1781 9600
5955 2357
3152 3352
1500 7198
554 937
2460 850
7174 7419
3264 6048
9311 8155
9018 6428
7634 3397
8791 9472
4389 2702
5170 6531
1174 9189
7818 1781
6875 6688
8557 6958
6144 4107
1818 168
490 8088
906 7446
3485 3314
9974 3145
1832 5080
2653 8487
7669 130
3098 6221
6912 6423
7100 6658
4174 9612
7300 4725
3076 2946
2627 6446
116 4704
9287 5727
2091 9974
6279 9992
2568 9086
6780 1382
7608 1177
4559 8269
3399 4511
8863 9238
6561 7598
3733 4957
6659 5557
1542 8311
2515 9533
5101 4808
8463 1839
8071 4327
4778 4152
4868 408
9556 9581
8844 7135
4662 3822
6035 2707
3960 6332
5946 1896
1683 9959
2595 261
7900 3441
3251 1696
8417 9973
5829 8129
6767 7723
7196 2824
8666 2982
7491 2347
2750 4500
7419 6851
942 7438
5682 4773
4 2299
2895 6015
4453 9935
4051 7483
9580 6981
7492 7871
5909 9011
6383 1635
5453 296
7519 2350
7347 6613
9334 7789
3130 3530
747 4017
6959 6452
9528 5890
3568 5612
823 1611
1608 2929
4373 9013
3375 7156
9952 7667
6911 2825
9203 3094
4045 18
9169 3236
7660 55
6884 9023
4459 9922
8991 2266
5909 6570
6122 6983
1941 8049
3740 972
4694 5755
7046 6869
8695 9760
4696 9716
3911 1341
3791 8241
1032 9262
8572 426
711 3755
2954 8193
8190 1642
8594 6214
2530 3732
8411 3026
8950 7062
2726 3043
3639 3834
9669 9461
912 8629
5092 4607
6939 1819
5191 1123
7094 3736
1056 5018
8916 8042
1933 7430
7811 3123
2823 3965
985 8200
3438 2744
7499 4751
6442 2542
3737 1455
5257 307
2259 5127
8846 3038
2770 6941
190 4368
8207 8849
5776 3550
8890 5135
3413 5433
9624 4551
5213 543
9318 6730
4007 7997
6584 7388
6145 9776
1469 9767
7324 3984
1667 6549
4510 4564
864 9216
2687 165
5847 7095
4610 4883
5264 5307
7948 456
2953 5190
5576 1054
7201 5545
6528 258
4262 866
1898 4713
2288 7189
460 8196
196 8210
1986 1373
2356 2979
6796 9137
5749 2380
229 6584
3550 8636
691 8727
9106 2515
7601 737
1674 8441
4929 581
8829 6041
9193 8808
1152 403
8268 9104
9866 4786
2387 7997
5038 4024
5767 8226
7356 8039
5325 239
2769 5604
6225 1752
8747 9160
6307 4417
4444 9085
9905 2517
4522 7671
4282 9812
6169 5294
2223 9519
5920 8259
9024 8263
1450 3988
5153 2699
675 3742
6017 3624
3514 9937
5622 4327
9149 7203
1841 945
9736 9813
5658 5655
4393 6315
446 3322
6584 1604
752 9365
5824 1625
1608 1953
8191 1318
4343 8077
3905 7466
9767 9177
9033 6690
5685 1131
4639 1971
9348 9332
4294 6679
924 8411
2625 7094
6945 5135
6536 8737
8993 1535
7390 8263
1244 5074
3491 756
4572 8903
7206 5730
7906 7084
385 1789
1538 285
7572 3156
2341 6688
8200 3511
6507 1247
7594 8886
9592 4997
6933 6112
9619 1405
2136 8609
6628 3017
2684 5705
467 9051
7990 1416
6216 6369
4053 2112
1774 5896
2264 5900
784 1075
339 4249
1470 4337
7654 6959
3323 1517
1852 4394
6336 2946
7808 2450
8295 3263
4433 5208
7630 458
5063 9103
3431 6143
6917 7784
1658 5925
1560 4283
3252 5108
7888 6731
7297 8415
621 660
8036 8564
2908 8672
4314 2211
8482 402
5732 3416
6958 8035
3933 539
3221 8790
4428 5555
7316 6551
2317 2756
5164 8709
8118 6530
8545 6877
5119 6807
7309 3786
6506 9678
4506 7688
4921 752
3848 7097
2743 2330
8499 6794
1959 3376
6413 7865
5025 7617
9582 3129
7101 7288
6343 941
3121 448
781 8211
1001 9651
1953 3659
746 1963
6128 7225
9299 2420
2218 8032
155 2965
1566 3411
5972 8429
3006 1658
7526 6091
7509 5590
4298 6774
5093 6149
4148 3783
2547 222
4361 2228
2254 7537
9937 1101
5546 8313
9993 4683
4596 6294
6262 7050
7445 40
7756 7800
462 4777
4363 4593
4308 1370
2260 3438
3907 5204
4246 6092
9954 7435
1358 4328
6624 9769
304 4618
4658 6471
4850 6231
734 9837
1212 2366
8980 577
7580 3730
8464 3062
6983 4835
9859 4324
7744 3274
1287 9368
5157 5182
7669 231
1144 7032
9263 2191
2 5954
3092 3391
7639 4481
9594 8541
9891 7263
9393 8763
9829 3175
2751 250
6234 4752
6487 9287
9702 4108
6945 764
8814 9041
4906 6960
6281 2523
33 1582
556 6174
4848 7949
5411 2396
842 3814
2222 3405
1166 7550
8471 8585
9684 2119
9638 3804
6313 1895
9115 9228
6735 3057
4922 3609
218 2062
594 898
9475 5345
7307 5918
2199 5648
7707 1204
307 1905
8928 5260
1820 3693
2619 1654
2588 106
6334 573
9872 9924
5698 4296
1765 2969
2189 1985
3806 1143
8697 1510
4742 6441
5842 5285
1798 9825
8038 9550
9473 1981
8457 7516
1742 2975
5624 2505
1861 8991
192 8371
7760 4877
3934 615
4697 5298
3788 8304
5184 4189
8417 2906
1601 7453
9234 8079
9508 7703
153 9005
4409 1175
2694 2322
5949 9325
7750 9616
4719 4937
9816 7268
8314 4229
9150 3604
679 5253
4855 300
1981 2733
3286 6888
2186 4263
1650 285
7157 3494
2794 9908
476 1901
7123 7400
7018 8431
8342 6313
2248 5149
9384 6818
6354 7176
7297 608
291 7972
5834 9290
3537 3111
8784 3096
8853 5680
9556 1303
3476 8362
7365 127
8905 5066
1558 1074
5764 9378
4311 6269
9546 6483
519 4827
5605 924
909 7031
9949 3122
306 212
7611 6938
4892 8886
9075 9465
6670 303
1002 9756
6685 1904
4480 1984
762 1784
287 5860
6040 3199
4789 2101
7782 5237
250 4469
9365 5773
4256 4977
298 5334
771 2939
8462 3791
8236 5159
9653 4099
784 7804
6013 8392
6572 4138
7458 8288
7535 4147
7474 9010
2489 7660
2115 1147
1735 124
9352 2746
4804 544
9876 3614
4389 5086
2009 1172
1668 2839
5410 9545
1423 2913
6465 295
5854 7893
5418 4702
1889 7002
1788 3197
5780 4044
6471 4173
9762 1568
5635 6048
4892 7108
1305 9158
1834 8298
9192 3495
2605 5665
347 3825
4605 8953
6281 6147
2498 3867
6618 4186
4701 4703
990 6793
2795 1910
1621 4058
9370 802
4807 3708
6472 3128
2334 7877
8582 1599
5837 3131
6236 12
3836 8960
308 7055
7243 7056
1698 5200
4316 4309
4624 5402
7218 9291
1381 9950
6889 9431
5730 5539
1668 1818
3059 5304
2217 9501
2319 2306
9180 3875
2169 2221
3232 8372
4085 6333
70 7100
1270 3553
2078 6419
9247 4970
3648 4100
7521 4103
2285 1761
6965 2767
4717 976
6296 6852
7951 3734
4918 9574
8018 9023
4174 8928
1493 1117
8398 3461
7834 3014
8958 8710
8745 5983
9949 1369
5007 5235
2942 7875
4939 2647
5751 5799
452 1339
6360 7404
8119 3657
2655 1754
2545 383
5020 3365
9192 7826
1359 4929
4265 7373
6214 8083
6329 4020
6714 3501
2271 8898
3092 9268
7797 6141
5110 293
2043 6292
5968 4055
5384 8578
5793 4308
9280 2293
6508 1033
6882 3636
5357 4362
8238 2061
6898 5168
4387 1909
6215 5382
3677 4830
7054 5327
3310 6718
7450 1375
3161 4751
4559 646
3821 340
9080 29
5491 2341
3961 1299
1841 4737
7266 4322
8685 6031
4075 3612
2259 8922
8243 7049
4993 3321
4127 1026
9671 2201
8847 1713
5572 83
7248 3434
6384 8193
9903 6208
2150 66
8403 1297
9255 6572
800 4391
6132 768
8809 5326
2306 8507
8500 2151
7697 5133
2307 669
6294 8414
3131 5342
9453 3643
3344 3281
3092 566
2479 5390
9906 1723
4433 9611
3842 9394
4161 2069
9176 2902
8035 8573
8518 2659
7103 6401
5977 2110
2194 599
1833 5177
8847 9738
6187 7558
947 6367
6234 7978
9807 1269
4524 4410
9676 6662
7186 8365
4114 1126
9112 1627
8597 7988
4043 2647
419 4805
7969 7108
2472 5639
9963 3606
5536 7593
5744 4535
5407 306
2193 5164
1330 4309
834 983
3502 8451
5784 5504
9954 5577
5626 2279
6697 9087
816 9234
7434 8934
7598 8802
1943 5870
7153 6242
5758 5923
5783 4853
57 9276
9212 8217
9289 3477
9788 4601
1040 8217
8311 355
1228 8095
5457 5750
538 1159
4029 2032
3378 3752
2038 6211
6978 3686
3073 98
1367 7202
2516 7273
7336 2291
5877 4585
6858 9504
1692 2245
6083 7445
6820 636
7951 7601
5040 2164
9365 9908
2641 9827
3881 2831
8021 804
2852 3490
6461 5740
5179 4285
9015 5121
7386 9479
9813 3391
5221 7070
3954 9964
4499 273
6127 1866
8963 5560
1732 9254
4499 2748
3501 9143
2680 7320
1356 3913
1644 8346
3017 9823
7835 8717
972 6832
6955 9606
382 8748
8328 5101
9784 956
6725 6496
9457 3182
3479 6860
8660 9794
4718 5846
1942 9009
4483 3152
995 9094
7592 8510
7209 5172
7559 1029
7548 2805
8597 5351
2427 5521
3729 2471
618 2520
9907 7054
4602 1017
5328 2044
1970 3824
3130 4637
2487 1477
3594 5204
6123 1437
6469 8
9447 296
3129 3238
6495 35
2659 5840
1803 4042
5478 5026
1669 1044
5624 4207
384 4109
3192 7972
98 2692
6448 5994
4367 5088
8969 9744
8100 9893
3754 9549
1280 7062
9404 1267
3044 7426
3366 4793
2506 9546
1826 1929
9729 1144
5668 5847
7018 3538
9889 6873
8785 421
7120 6063
4929 3939
7428 2088
7556 7625
2759 3174
8518 7347
2089 5312
2512 6024
9808 7206
4379 6062
2325 5818
673 8031
7668 6047
52 7109
834 524
1968 3575
3084 8369
8566 3203
3209 2514
4578 2043
4017 3449
9643 2966
3179 6448
2710 1733
9907 8847
9186 7643
2629 6195
7379 8592
1280 7549
1986 7547
76 8344
7369 5329
9877 6161
9796 7848
2787 3416
2596 8150
4925 5847
3521 9031
7938 9877
6446 2369
1236 2817
1201 7771
9703 5899
1423 6527
7555 3131
4113 7409
9072 7988
4403 8497
2404 2210
3350 6829
3836 576
8469 1741
4172 9877
9568 3827
883 3210
4515 1406
3421 3571
7222 9367
266 3264
7944 7689
6816 2298
7944 9163
8326 3279
6167 8167
5988 8078
9944 4476
6978 1010
7360 2888
7199 9395
4101 2708
9779 8769
111 8077
4786 7333
5206 9785
4410 9200
2175 5078
2564 2901
1826 345
8152 3689
751 510
2903 630
2252 2097
6158 1361
5524 5115
9372 1129
7033 7120
305 7359
5512 6545
1625 9682
9889 2623
4108 5218
1303 7214
9828 6725
9142 30
6966 3828
7932 7382
945 3961
2811 9914
4086 7095
5123 6057
3051 377
5842 7474
799 6294
4482 8405
3455 1719
9856 2833
7823 5384
8001 9871
774 8222
7963 6148
9143 609
5922 7564
115 5295
3976 1370
8503 4599
1981 3895
918 8808
5335 426
441 5317
6713 54
5797 1631
7182 6039
714 5655
1480 2064
4950 757
628 3719
7251 8773
1750 8242
2868 9952
99 7477
421 3972
9081 1538
57 9284
1964 6811
8610 8914
4417 8825
3597 3563
6156 4945
6875 5255
2521 368
3714 747
4948 9963
9349 8322
292 4012
5251 668
9281 412
1315 7853
8585 2188
3976 8438
42 6268
6280 3267
5512 2915
8466 2977
8777 1674
611 3372
3399 8850
4342 5786
6747 8322
3868 859
5972 5869
6862 7792
4200 5229
3941 7641
5533 9987
2512 871
8874 7892
7908 488
3521 1576
3790 782
2556 3268
1062 4823
1808 530
2633 6256
787 851
9771 3661
1738 3613
9277 7361
1583 8302
7706 7885
1171 829
3459 9137
6711 6930
9468 3452
9475 3717
4597 5272
2237 4580
1466 4537
5790 2542
9500 2771
4007 5872
3517 3702
2010 6756
4511 8523
1450 7353
7470 589
5290 6190
5525 5695
4726 2242
5654 9038
6732 3119
4516 2526
2024 1987
1837 8733
3611 668
4505 4156
5331 8221
9910 8101
100 9285
7889 5119
8365 1704
2051 2693
4195 2774
8805 2209
366 7561
2461 451
6753 7785
5475 2192
6864 6875
3085 6587
9181 5332
3468 9936
1785 3900
8520 5125
1987 1142
1197 4195
6936 154
5684 6369
8241 4398
9129 2799
2865 7571
7615 7417
1661 7731
4518 7224
511 1001
8381 7422
7189 382
8253 1124
3578 6082
7660 6332
8169 6142
638 2619
6862 2788
6150 5091
9792 1733
9994 5076
6063 124
5579 3782
2178 1193
1622 5660
8530 3820
1506 7522
5418 9680
1584 4441
2458 9902
7246 5158
8900 8092
2257 830
5516 2550
1715 7134
4 8082
1675 8980
4594 3826
8521 3864
9501 426
5935 5145
5447 7080
1372 2178
8622 8065
2495 4958
2913 7186
7195 5362
5323 4733
4648 8036
4335 769
9519 6850
5558 494
4721 7879
2789 3784
3962 368
2753 6241
1958 7989
3479 478
2765 5791
3496 3517
5417 9233
1025 3049
2577 5790
8326 4749
1820 1847
4866 8516
5570 6707
6601 9903
984 8364
68 2071
7380 3892
1004 6928
380 2442
8978 4179
7912 9260
4741 8061
1906 3451
9686 2931
270 7373
9396 6130
4625 9084
5613 6229
5137 4767
9431 6477
9410 815
3798 9148
3568 5535
4162 4319
6856 7397
8310 356
3938 5249
1787 8326
6624 8878
2003 7422
4747 4594
3525 5692
8544 1913
1473 2091
3224 8277
8397 8942
7330 7171
3766 3010
8248 8272
289 32
1827 1495
5619 9739
8204 2027
7965 1233
9820 9525
8896 2444
2737 2907
5802 4865
7252 1519
105 1928
5407 709
693 2685
2936 3799
8006 2775
1351 6556
2376 6394
7006 4406
9689 2898
1789 7056
4838 7711
3119 1658
8665 7652
7470 9449
3666 5934
3444 6564
5133 5512
5153 1898
6837 4613
7807 2092
2409 6846
4298 7417
3214 8092
4894 5422
1241 5274
295 8265
3794 4437
6211 8676
3827 8799
2519 4966
9384 8059
1626 5261
9462 6087
2123 8971
5679 6253
6875 7920
3358 2266
9850 4849
3095 5183
8367 6384
1340 7445
4442 1866
3137 139
7667 4096
5179 87
1890 2653
6475 1071
2912 4876
135 4230
8131 4275
6997 5723
56 5164
5263 7887
7744 2755
7615 9993
3505 8680
4200 9778
63 6573
6357 1779
9998 3399
476 5358
5915 1190
4317 6273
2336 850
7677 3106
847 3008
281 1367
376 6068
9283 4673
3723 1336
8901 892
4948 9384
6087 4368
4994 1265
8446 6110
1081 9520
5595 1099
5327 132
6840 4230
700 9068
6118 5219
8850 4061
6905 1025
2511 6350
9365 1785
627 3914
9736 5826
4390 4438
8201 3818
9114 7121
4986 9327
3324 6424
7831 3408
6770 7153
2493 2663
1605 6430
5544 6443
8587 150
6194 136
8294 6347
3377 556
3865 2506
963 5109
1261 4813
1960 7637
3396 3513
8958 860
2749 2976
8406 2912
4895 9455
4224 3868
9080 1444
8679 6777
9757 5689
7093 4737
2773 8818
4783 4029
4704 7585
1688 4152
1828 1496
3329 4351
315 3976
4183 7199
5419 1811
689 2053
5492 2905
55 1143
6223 1811
1540 1023
9365 8450
2489 2857
1032 5977
8784 3308
5714 8859
4729 7092
5807 6153
4315 6741
9707 8111
2580 353
5211 93
4526 6556
7969 6206
9002 4785
7811 1681
1468 7478
2646 8923
5955 2916
3654 4840
30 6000
473 8134
4642 5510
7439 3941
1309 2095
233 9564
2810 3073
4607 5830
6755 1755
4717 3098
6338 7167
6325 2457
3903 9640
181 1181
9635 8465
4413 6996
1655 6529
6604 7176
9627 8988
4812 8809
3156 2549
9994 7936
6546 8774
7799 6579
6226 8113
6678 5148
5330 7876
2409 6746
445 9471
2103 942
7580 6956
1008 7390
7596 4464
2511 9238
9956 5346
1218 2100
8048 8791
1064 9513
7617 4567
8381 8933
9401 587
6560 6178
317 3175
6932 1702
1918 7221
9239 8841
4123 5214
9890 1536
158 2624
4146 103
1578 3335
711 8669
3226 8337
4075 4965
2483 8497
2084 6421
8841 504
8606 3232
3386 7903
7884 8493
954 3039
3823 8047
1325 1041
5178 2593
8025 3830
7413 6518
8683 4239
9994 933
4724 5530
4466 5192
5712 7737
696 838
7964 7991
5420 2593
5424 5667
8299 4798
3389 9244
5741 4686
3724 4998
2826 3646
8980 362
88 4525
3585 2188
8201 8250
5781 6264
6624 2694
2872 4008
5954 4761
3918 9137
7096 2466
3689 4415
4006 4137
9846 2075
3516 876
2718 2911
1404 9434
4887 9876
228 5368
6138 7102
5916 5755
2968 4387
4883 1979
5390 7312
4785 3670
1785 3126
5884 4580
208 5199
6694 1209
2573 3767
1493 9765
6393 1158
4207 8256
9930 8136
4234 386
2386 5819
2057 3663
7108 5071
1659 9789
6900 5337
7587 5243
7142 9980
3280 8300
2244 9006
220 5743
6525 6961
6904 4476
7410 8078
8255 3397
1620 3613
4540 4794
7625 4191
7028 198
5785 9747
4362 3031
651 2867
3886 3923
2237 6826
4180 7369
657 7457
9678 4779
5346 5045
724 1270
6698 74
2018 6927
3095 9236
1809 679
5770 6442
4579 8604
7658 869
3721 7331
4986 8717
8911 3281
9229 9927
98 3029
7174 5486
2210 7428
461 5159
2561 5416
5976 6954
9934 7872
2051 9153
8850 3803
946 9930
8961 2226
8639 8436
3045 6438
7032 4364
6694 905
9715 6228
4043 8818
1320 2925
1066 8623
2603 1728
5124 6129
5419 1937
2854 6249
3525 3667
8222 5812
8599 1247
8045 4300
6603 1663
154 5848
5725 6148
1717 6727
2263 3115
6302 812
8136 2893
7912 8636
3675 1500
3522 3874
1053 2123
5770 3289
2884 4523
2922 6971
8580 1153
116 3153
4759 327
8369 7981
8089 8740
4745 349
5573 5898
1858 3165
922 625
1067 9638
6866 5030
8537 3808
4757 9214
3093 8412
4103 4696
4840 4377
7243 7614
3502 3521
2231 217
7484 933
7377 9781
7090 4680
2759 1514
2525 6572
7768 6029
7818 6161
4013 5228
5700 3558
4206 9194
445 5106
8319 5383
1944 5364
3409 7832
8138 6074
4669 903
4731 7972
2744 6546
3101 7041
1833 4795
7040 9225
6359 5708
1086 4943
6750 3605
9532 4335
2907 6998
1114 2843
8151 8935
911 2416
2241 6269
1949 7105
3570 6181
8081 9461
3353 6355
1969 5149
6663 6966
8566 8017
3093 7911
3635 5876
1964 6759
6086 9502
8519 6343
1206 8581
8261 2722
7521 4835
501 4470
2375 3539
5947 7712
8252 2878
1563 2201
9897 1188
2431 1225
8433 8886
9116 8451
7282 8597
3914 6825
7899 6534
5945 4465
6980 5591
7651 8674
9546 8309
6475 7687
3642 5268
5425 1871
6690 9936
2496 7481
603 7319
9846 2618
3408 3115
7756 5634
311 4188
1347 1680
447 1691
7290 8353
5602 3153
5137 9905
5175 9026
52 120
7230 4842
6509 3479
1949 6061
9136 2145
5563 9590
2585 9613
9010 9258
9498 54
751 7607
9168 9595
3873 2185
1619 985
1216 5117
3641 5729
2228 7477
9349 4749
8188 9086
6655 3512
5848 910
2989 867
5428 6339
9426 170
3656 1209
3295 5087
9555 743
1338 5384
3241 8582
2548 5697
3112 6547
8057 8328
8381 7679
2341 559
600 9649
1416 635
9404 7606
7314 5334
457 5010
7844 8301
2980 5684
6443 9697
2281 1948
5986 5211
1240 1636
3157 1767
9786 1885
7125 2442
9831 3086
4120 8476
2869 8970
3299 2843
9548 4908
2310 64
6890 8242
8727 8069
6325 4357
4822 1093
2589 799
6716 6205
6823 516
4672 9811
886 5006
5605 7772
1362 6007
2166 4426
8515 1562
8987 25
1986 7130
6496 3297
3504 5421
7639 8089
7330 7947
8764 9556
1045 223
6194 6665
3546 1274
2177 5205
8793 5637
2237 473
2634 1066
370 976
6460 1850
9207 7836
2610 3545
7818 3748
2559 2328
1442 3891
4830 266
9638 2557
1882 3763
5708 9730
3235 7355
8103 1941
2414 4251
9670 2831
3293 5765
348 3723
9453 7137
8209 5100
8538 9689
1132 4332
4808 9350
8627 7981
5984 620
7430 9951
3803 5239
9933 9345
3064 8795
402 6783
6935 6499
1671 843
5524 7175
4105 3325
4587 3777
84 5152
6412 7780
2087 3933
5416 1817
3772 4484
9137 3535
957 795
4735 4017
8647 6347
1567 6229
4182 5180
2891 1729
9041 9729
1666 44
4757 4798
233 4521
5445 5661
6617 324
138 6581
5809 6121
2258 9546
735 2171
566 2925
4550 9708
8254 7124
9435 9831
1821 3218
7374 2796
3414 5542
115 2197
9293 9376
2799 6070
1042 683
2770 1918
8247 6062
3288 120
5099 7569
3067 5969
7720 9788
7816 6840
2475 2400
4763 1168
9411 4916
5049 356
4827 2044
3077 3928
8447 2916
6637 8462
2539 4702
9772 4505
237 4431
6274 2948
6553 5795
8588 145
7098 9253
3374 3261
6799 8310
7727 7183
8199 539
6827 853
8597 8840
2691 86
5902 9990
5599 1157
9502 7361
9650 6374
9384 4419
321 2949
5754 6299
6905 8993
1179 1449
1110 950
8149 7354
1432 9833
3516 7646
7305 8512
1257 1530
7963 526
8514 2518
1776 5532
2683 6588
4257 3575
6443 4092
2205 4522
8795 7018
7204 6206
6765 3221
7279 6155
127 9316
378 2058
9460 5197
2752 4716
7382 382
5124 6639
6164 4398
1386 814
23 8261
4983 5129
7819 2182
9319 9044
2354 3740
492 3615
2112 269
881 5869
6339 4790
6620 3560
7399 9743
239 5928
6993 6498
8446 5666
9007 2383
4143 2389
5116 7981
4537 6215
5746 9644
100 8169
9607 8617
421 7405
9218 7208
2360 5973
5492 387
7532 9214
6660 7947
5327 8329
5336 4666
9052 7729
2495 7627
8756 1806
3199 8407
5281 7862
3641 5500
5598 1978
1420 8705
6522 9839
6005 2425
6236 2651
73 5258
3771 8393
8329 9487
5038 1576
6630 1158
2538 5617
8267 1924
9172 7500
830 8433
4513 7176
9385 5716
4817 4511
4520 3291
5812 4712
438 3056
1851 5870
755 301
7010 6844
5722 9225
8818 1820
2915 10000
684 9460
7754 2804
4734 3881
1577 5704
9447 7616
2023 6973
7198 947
3111 1729
1215 3130
2918 3653
7210 8499
6336 7513
1651 1619
5306 5520
8753 4323
5564 5174
5966 4835
3121 4129
8378 8880
3033 8066
9771 8393
3251 9757
3944 9150
5362 9794
3391 6709
2069 6729
2467 3101
3903 5589
1028 2488
7000 5653
4108 5552
5230 7883
4811 675
8944 4511
8031 5216
2659 2374
1176 5638
1135 862
139 9969
4059 6218
1945 6379
4102 9553
6118 751
2981 2286
3798 4263
6786 5692
4644 3589
1117 3581
9808 6855
5334 744
9288 5201
9826 7288
63 2450
344 1987
5099 8280
5715 1649
8137 7223
8804 3605
5573 5846
2 525
8136 6753
4503 2813
1641 676
2075 303
6302 3048
5605 3185
8036 2389
2693 8821
3307 8319
4255 9384
2304 1891
215 539
1069 2245
9637 9482
6570 6576
7150 3879
8365 8539
9261 3341
1717 5373
160 8444
268 2265
5758 2633
7643 2247
8601 6500
4817 4661
8999 332
2092 4301
5769 2470
2917 9699
1097 7200
447 8220
3504 7123
5526 3817
4147 1927
1116 1397
4307 4549
8877 4842
5051 2925
7557 8193
5703 352
7506 4182
8339 3452
7969 7529
6982 4580
3053 9244
7603 1422
4387 3349
33 2527
3472 5175
9196 5758
1156 239
3946 5312
8446 5336
2841 705
7925 2533
77 7859
5161 9472
4801 3060
1963 7413
9305 2401
177 9199
9626 2471
7346 7590
2519 5208
9859 4587
667 695
9476 6111
2287 6954
6690 645
9576 3647
8448 5325
8608 3306
8540 150
9789 4876
56 9886
4122 9113
1314 6593
7867 5100
1458 3549
3102 8669
7081 4051
865 2735
2994 3931
8662 4702
5521 4914
4683 1105
7270 8069
3243 9063
3697 3750
440 2219
4281 2509
6836 6699
2559 3434
6220 4730
198 2807
8441 9519
8513 3572
3617 5585
8461 1991
2560 8486
4054 1663
125 5681
1325 3708
1820 3424
4098 858
3544 7750
9656 4363
6438 1878
2810 6770
9831 2325
2950 5067
9585 9490
8511 1818
1124 5579
9281 2659
5658 2562
5420 9340
584 5982
4557 8040
3430 3311
9275 5040
1070 826
9207 3420
5991 2874
3574 5968
5294 6452
1879 9728
853 7940
3533 2724
7361 1842
5536 410
3889 8270
2891 3262
350 7974
266 3754
9947 7281
2460 9391
8075 2992
8846 5624
8185 6569
8145 8384
80 3719
8342 5573
8337 6847
8259 4538
3121 4591
9784 2887
9128 399
5398 6633
5303 3748
7444 9891
9912 7702
6363 4478
5314 3313
2592 2890
7451 9557
2239 1173
6477 8875
9275 5928
3386 2513
7052 8013
5637 9371
4032 6426
6200 4383
9194 4289
6396 3773
5916 5272
4682 8324
1640 6735
6607 2152
7246 6658
1557 7961
8943 1893
9347 6377
8638 6485
947 8637
8861 27
8334 1241
2887 357
3890 9216
4509 1900
9926 3415
226 2193
51 8511
1459 4997
5440 8564
2708 2885
9102 5647
5306 717
7995 2873
1737 444
9592 3325
7211 1847
2813 6536
5317 2195
4883 1061
9204 4599
7139 3906
1918 469
9040 5583
4427 7145
9276 2499
324 9440
2445 2668
8345 643
6467 6715
1025 555
8094 650
2846 8119
8368 4220
354 7974
4351 6828
3950 8700
5283 7070
8535 4444
7102 8042
9466 4101
2968 7109
2504 8592
2551 2057
639 5143
1499 7746
6120 1651
4527 7331
9681 867
8935 9108
367 4328
577 8489
9799 1503
8730 8915
4996 4713
3475 5475
4207 1547
5527 2014
1150 877
6639 5818
7411 7713
3779 6013
1519 6259
4119 2413
5033 2415
376 937
2994 8838
3580 9852
4382 3474
6936 6583
2412 6321
3297 2534
9751 2749
5913 3498
9045 4891
8814 8134
2494 7193
2187 6924
593 4921
6897 910
6508 1953
5221 3189
9113 860
1836 6812
4005 556
9201 3231
9739 1787
3474 719
2253 8402
9563 713
7774 6200
9389 4331
3080 3382
7743 8743
7474 7286
5726 5080
3533 6127
2151 7836
5375 1773
9666 6643
1052 2844
9254 2331
5151 2930
1137 6685
7993 6271
8044 1172
5654 8169
2473 8713
1856 2897
8256 4074
5051 2159
866 609
2415 556
7163 8956
2600 6013
9892 2078
3528 5283
6978 7238
2737 9176
5926 8120
3699 8050
9598 4619
9009 4401
8485 160
155 5587
3891 7096
7256 5786
4097 1706
4813 5169
7642 6963
16 5632
4489 8841
2095 9435
8793 2479
2190 2072
8412 9377
2602 96
2233 1966
4626 9830
8018 7302
4011 6776
8020 7543
4496 6842
5371 6811
6917 1677
3665 7024
7981 3805
1084 4897
7499 4328
1517 5187
2597 2032
5309 8523
6432 4071
3399 6000
9040 8478
4441 2397
8769 4071
2841 7023
9392 5207
7941 2441
395 5781
9162 8917
7222 7534
3256 1037
7918 7099
9939 7881
8505 8900
7715 6592
9460 2160
7184 4523
5753 3655
1842 8692
3592 4174
5946 70
4077 8588
6190 8337
6343 9489
280 2661
5946 6128
4996 8232
3926 1894
59 2789
1269 9453
5910 1890
7257 4462
1774 4942
2486 4188
4196 4402
5976 7038
3377 2847
7090 5626
3798 5882
8402 3668
6634 28
1026 3355
6164 1421
882 4195
6593 3173
2209 9779
3641 5174
4699 179
2363 1583
7865 9773
7031 6136
7651 3679
4885 2084
5867 5347
7842 7688
5794 2167
9151 6101
5835 5955
7649 9487
6528 5854
5599 3408
2072 6472
9215 8430
7003 8026
5506 780
7748 7255
3315 2072
4845 7965
1080 5956
7111 244
6690 8370
1559 7314
96 2412
3520 3694
5683 2982
9593 1742
2654 5600
80 7103
9527 7786
1629 5977
4786 4121
2336 4494
6236 7790
9733 2640
1435 2021
8272 6340
4921 3237
2618 6587
5364 5313
6304 6708
3723 9384
9100 2382
3383 7094
9407 3703
5203 444
7328 7687
973 4847
3827 8041
8959 9621
5987 3507
7683 7791
4108 5689
6128 1764
9742 4202
7855 6709
3863 8376
1340 6452
3282 5533
7656 2311
1068 5322
8358 8453
3245 6748
5492 6145
5848 4238
9454 8154
8439 9356
7692 456
821 3911
3763 6045
2994 9345
2110 7660
810 6581
6548 7459
5155 1176
6268 6130
3656 9761
1085 8921
5054 3273
1301 8177
2929 2957
1325 2813
5089 6045
5098 4215
6307 4343
5049 5085
4395 3397
6680 2346
9546 3420
9305 4243
6493 8410
7952 2312
648 8978
2366 7418
3740 5956
5479 6026
5360 9392
7790 1014
9286 7015
7022 4640
4928 1006
7287 7286
5197 7394
9188 1938
667 9533
6781 8984
4183 2364
5877 8268
968 1722
5377 8704
8263 7579
4174 4029
111 6194
1859 1632
4259 2010
9116 5471
6820 9266
3781 9777
1292 7884
9979 8786
8177 8000
2548 5918
685 9427
4160 9922
154 3773
3083 8350
4259 9380
3437 1799
7087 8552
5973 1649
6341 2354
1974 9974
4762 978
6329 3066
5704 8689
1900 2385
8335 5118
4326 3784
5916 9034
211 4175
6752 3580
7794 1820
2696 5719
6441 5344
7501 816
4050 9310
6582 7035
5594 7737
92 4579
2862 7147
3574 4109
1806 5367
6833 1451
615 5326
812 9015
2486 8107
3945 9797
352 9616
9566 3549
7697 5516
4723 9655
1608 7714
2347 5082
3114 1245
8524 724
1865 9124
3555 3090
1678 4666
9609 7864
2017 7026
6186 1703
9344 9520
9688 7130
4123 2029
9785 1975
6977 4512
6159 9859
7599 9696
9097 6113
3787 748
9746 5428
8115 5535
6371 5958
3783 8951
1222 246
6155 6309
4420 3262
9475 6759
9744 3669
7738 1884
3422 8571
1369 4861
609 5041
8317 9087
7418 2028
3421 2233
7099 1494
201 7641
8138 6100
4130 4157
6994 5117
613 350
868 1755
4954 403
8861 2470
2314 8970
5638 1885
5327 281
5559 961
2577 8808
7663 6076
6768 6405
7517 3
2457 4408
9443 9158
6955 7916
7564 8793
1785 3448
4676 5907
5099 2714
6019 1904
2655 315
1655 4856
8261 1212
7509 4658
778 9079
8167 4302
1289 993
602 9574
2272 7447
440 9153
2446 4007
2774 1643
4548 5236
4034 6299
8007 6254
9977 8740
4121 1791
6427 6277
4198 3497
4905 3599
1436 5547
1037 480
5226 533
646 7856
3262 4708
7287 2663
2829 845
6278 5413
9048 5274
5017 7328
7058 5855
2532 338
3744 2452
2826 8617
3177 6743
4176 8686
6088 4541
827 2178
2493 8780
458 1901
4268 1145
6983 4074
4562 2510
1935 7361
1832 9919
9300 4150
4182 593
3420 9993
1756 7200
6050 918
2730 711
8658 1439
4217 3679
32 5210
3888 6358
1372 490
2460 3858
9593 3691
3916 4676
3644 3579
5122 5782
3659 3284
1129 960
1756 3428
6921 5992
2149 7256
1257 8984
4219 3133
3655 2402
9102 56
9061 4964
1100 2325
9456 7205
5511 7817
756 193
7169 7130
4474 661
5203 1272
7852 4104
7722 3297
3310 8560
1812 4661
6312 2725
7995 2832
9110 4635
9747 2969
6780 4858
2701 4056
6481 2943
5899 9783
6797 6371
5344 3702
3858 556
7703 3886
6365 7796
2260 2614
7834 1854
2588 7181
5156 3193
8349 4537
9605 8349
7191 3806
2727 7728
5704 9197
1929 251
4479 597
4039 6506
1434 4348
8355 848
6722 2672
8234 5566
3589 5611
1705 4978
8641 7703
4523 2377
5253 9126
9356 5004
9256 838
4971 9554
4334 6727
6902 3128
9022 2227
6226 7569
3746 8073
8310 7526
3358 1865
189 2810
4149 5156
7164 4672
6826 4782
6949 1177
7639 4286
3267 8173
5439 7892
8010 3671
8345 7981
2330 7322
425 4001
2267 2215
1469 6862
2158 9562
4461 3631
51 6765
3790 7976
7775 1223
6049 294
4042 3823
2365 591
5451 3871
6976 873
1739 7297
7923 175
3813 6102
3175 1359
4245 5118
8326 4303
1479 4058
8755 7290
2282 5315
6511 4748
4109 2588
173 4582
2670 270
3392 2593
7557 6809
5113 5458
1136 6042
6553 9875
1650 9510
3718 3190
4619 8000
9086 257
9917 8730
806 1528
8982 5985
1103 2862
8605 5646
9950 6800
6528 4359
4954 9856
9444 3225
4717 7430
443 8357
6949 1830
2515 8988
8399 5908
7085 6246
8337 7770
2947 7095
1194 9305
5046 9488
9021 6103
8716 5324
6148 1994
713 735
1039 117
625 7192
3363 9202
8541 9453
6840 703
4703 1362
5403 5698
9533 6956
9101 6330
68 9651
859 4293
8860 996
1972 1337
1406 1180
3716 7544
7344 3672
7746 7954
4490 8351
3892 9169
613 3825
6437 5393
9439 8934
8052 2740
7004 4977
1515 541
6781 7232
2444 3881
2755 7548
9205 3881
3322 4777
6128 851
3465 1954
8110 4540
6221 8117
8746 9028
7523 3651
5551 5119
9083 6860
3719 3328
3774 2341
482 2535
4949 7232
4501 5165
664 6136
5513 6214
9896 2197
3938 7602
2 6514
2735 8801
3499 7101
6038 9341
7772 7569
4562 5411
257 4793
3270 7755
9264 8241
169 1231
6042 3485
3094 8640
279 4728
9466 3429
2216 2463
877 5083
2348 1377
552 5414
9485 6609
3883 9220
1115 6317
6144 6970
1783 9294
4624 6671
9263 9325
3410 330
1074 9897
2459 6541
1330 5401
1792 8004
1909 3266
5293 2169
6565 6888
9286 7908
9341 3740
8994 3949
8610 2657
3915 1641
6847 5426
7307 3445
8368 1625
8534 4844
131 3686
797 1155
2121 6789
6638 8922
5316 4581
513 6156
9111 911
5354 2815
7254 676
4930 9713
934 5981
5025 9575
5104 827
3013 4645
7699 1591
3832 9136
1332 5525
7306 9895
166 5442
2721 9395
7915 5921
1013 9806
6645 5942
1770 5677
798 5752
3684 7905
8406 1414
3794 240
3265 5654
6095 573
1791 2172
3697 106
2704 2016
1717 419
4607 7158
116 346
5980 216
9575 5587
3809 9872
2358 7957
6091 1301
7213 5607
5936 4141
466 2385
6525 3480
6151 5697
6216 3299
1157 5148
3093 9068
4084 1505
9559 6396
9749 862
5746 8174
8308 6058
6792 1134
566 8371
1464 4413
6894 4321
4677 9027
4677 8677
6714 4585
9598 9851
5227 5134
7124 5508
8591 9812
1710 7786
4065 6081
9762 4533
7829 4574
3412 5012
6746 4190
1599 4044
2868 2421
9237 3174
3210 7642
2810 3094
6023 7739
5755 825
3125 5844
5729 8156
4794 6659
8407 7375
4375 6704
2582 7172
7394 645
9770 9391
8450 8315
1351 6530
9557 3075
684 3596
5197 4047
7375 476
3183 3069
9631 8988
5148 5461
1655 8393
5989 4425
6735 7073
427 3533
9123 3364
4657 7916
3944 9405
757 7042
7709 8614
4199 8178
5249 2807
478 2714
9940 8328
4383 1384
7414 268
3631 1082
2420 9259
6841 6286
6735 4018
3248 6372
4997 7019
9605 3283
3826 2985
6160 8379
8921 6564
621 7787
3452 894
307 2412
8409 1077
8943 7622
32 7226
4074 1734
8162 3129
2610 3718
2791 612
8962 2650
8687 6905
7872 3948
4120 139
3142 8050
9091 542
5252 7273
4710 9571
5256 1922
5527 915
3630 2786
1918 7267
4374 5235
9337 6909
8606 3766
6985 9848
7976 2566
6322 9094
2417 6639
7235 2582
1489 5453
1778 5699
9701 6930
3574 3681
9085 2794
5805 3550
4239 586
1026 4904
8988 4739
4304 6778
9339 9940
7348 6188
4753 8720
1359 6906
1983 2942
2042 8048
7485 3724
7492 3915
5365 7897
3318 3563
469 6082
8432 8280
5527 6050
8180 9143
7513 8452
783 8059
9629 9792
4375 4342
520 3253
3838 5747
2320 5479
3215 6422
4281 2031
2976 7976
2370 1700
5917 983
9321 5360
5 9717
3595 6966
3072 6196
6617 4901
8488 9082
5197 6220
1719 2561
2742 4522
3315 6735
4073 959
2002 999
7886 719
6841 1636
9157 5943
1270 4226
3847 4243
3442 9371
3278 4089
5571 8137
8929 7282
5441 1661
7758 8787
8811 9813
2489 448
8228 1786
5881 6304
4092 5314
1278 3341
2347 408
783 5522
2084 9677
424 1985
6571 8078
6977 2256
8936 5603
9626 9928
8507 606
5128 1764
3073 7028
1955 7869
8872 8344
2364 6259
8125 1790
868 9606
5276 5850
745 1829
3984 426
6251 6880
558 6152
3391 9812
14 2948
1539 8517
322 4928
9950 6012
6120 7912
3516 6596
8308 6562
6385 9040
4747 5929
3403 1852
9221 4787
2662 4495
9305 1367
9229 8544
555 6136
6970 949
1172 589
4912 7741
6869 5276
2247 5326
4367 3370
3591 7537
2152 5965
4002 1104
7562 6722
5735 6169
4544 9977
5465 464
9083 7386
2027 2774
2274 9290
8717 1323
6471 246
5814 712
4827 9714
2502 6979
3458 7056
322 7722
2923 2403
2124 9199
8395 2824
5703 7161
5088 2992
9328 1051
4366 1047
1369 1306
9858 1646
1912 2267
2569 5482
6525 8326
4604 9785
1460 3789
6151 4971
8868 9367
299 9373
7224 1795
5076 8560
1745 4533
6496 8944
5949 2560
33 8457
6412 7109
927 1135
4802 498
9571 1342
3329 4934
8047 2475
4608 4397
4185 8881
9128 7012
3645 2205
8852 2905
320 1672
8137 315
8848 3828
6022 1191
5540 1313
1102 4119
106 8302
1928 4269
8668 7392
8308 1059
4535 1152
6063 3489
1508 6866
5684 2743
2783 5166
3685 5485
3898 1324
3787 3396
8632 3039
5672 4750
5622 8208
1371 495
8526 9272
6657 767
2180 1482
2625 1745
3139 8224
2613 1688
5465 2214
3326 7226
1681 2679
4630 5713
187 132
1608 2871
4904 9082
7666 8123
4325 9328
3096 1254
111 3910
8985 18
4852 6402
6035 6792
8575 4108
4925 4209
6901 9818
3386 8826
1846 7375
1731 9739
1769 9916
9721 2402
7325 9337
9263 2854
8928 3055
9551 5621
4920 701
3476 2326
6007 9910
3215 433
5168 3016
9882 2216
3209 9106
5434 5430
3659 5950
4041 426
2438 5521
8237 3593
6953 4139
5303 7445
5197 5075
9166 2531
4008 1034
8897 9494
5352 2756
8941 2972
6630 3953
7726 8916
8060 8444
7742 9280
8849 3721
6447 4182
402 2642
4614 9478
5863 5805
3214 9804
7709 7446
2149 404
2663 2514
4962 281
8216 331
9375 7932
31 4943
6529 9805
7669 7176
3823 2415
9496 6232
5364 9894
3826 8680
1349 3801
2299 1638
1234 3788
3828 8375
912 4061
1341 6008
406 613
4370 2900
1149 1132
9130 5726
1355 4543
3795 435
2139 3445
6006 2783
576 2357
3494 8302
6865 7576
9812 5057
6603 1043
9459 7684
5900 2324
9920 9953
891 8764
7142 6395
4560 3667
7434 385
9874 305
9064 4704
8892 8965
8158 1798
4398 9950
8093 5114
1861 183
7566 2245
7400 6270
8496 916
8281 235
8124 2265
7695 7879
4059 7271
3133 8197
8798 1720
5058 3028
4538 7710
1004 8168
1084 2509
2716 6406
6299 533
9486 5253
8540 864
9047 1848
409 7194
4696 2864
3889 8233
3095 2033
7519 7875
9137 2498
1270 7447
9191 9124
1363 5350
5697 415
7878 9731
5792 4184
6149 309
1643 4433
4406 5897
8694 8280
7390 7775
9863 2627
5292 7552
5292 2587
7074 3834
5499 1527
499 1465
4202 1253
1020 8801
3427 2532
5762 565
5637 2197
8189 6751
9562 916
7776 779
6526 3622
7085 2712
4655 6002
2749 7592
4154 2933
9005 7060
9614 6334
14 9937
6554 636
564 1014
7027 5575
2201 3275
6147 5160
364 347
6595 8545
602 238
1629 5644
8727 7455
3958 447
2952 425
394 5016
6252 327
7580 6882
2309 2936
5592 918
2171 4735
742 5620
5292 7227
8288 4598
8429 235
3363 7866
8905 9442
6830 1265
9897 1082
8790 8075
1931 2250
1336 2233
6661 9579
3623 2830
6234 6406
8195 7598
2009 602
6887 5012
4502 5268
4353 3647
3696 7556
9050 7702
9630 9493
4118 8814
4423 9523
8362 9206
3852 3307
9281 533
5922 3781
9744 9139
8898 5528
1403 2224
6845 2868
9181 8212
8320 2235
1616 4811
3201 1997
728 2135
8211 3601
9746 2963
3599 5329
6995 8891
5775 9448
3258 8636
2675 8927
6878 7401
4197 6349
382 1952
2067 1418
5573 1088
1141 3668
1493 3468
2510 1950
1866 7917
9306 24
9174 5918
8085 2411
3567 7848
5229 3007
1717 3876
7773 9083
2789 312
1509 3994
5203 2701
5099 7779
1290 4534
7832 2323
8800 5326
759 5311
6228 1588
3196 9401
6350 6339
1890 3571
5950 1702
7788 6571
2844 4685
8208 1307
5937 671
4200 7166
3161 5109
5353 4568
4001 7250
6421 3474
7676 5233
1764 3518
3786 2790
3197 5084
889 7585
1183 1484
1332 8624
4687 5524
1683 1171
3813 3792
8321 1386
2044 2436
7271 2885
9297 9431
3573 4694
1991 1500
3228 5267
7060 6625
8225 7519
8885 7642
4628 4085
9644 4819
23 5894
3374 2052
8548 4880
6202 1718
3251 1500
7541 4801
7945 9050
484 1209
4664 808
3528 3425
4652 8307
2461 5400
9915 9635
7047 7793
1284 8345
9122 1291
4987 8167
870 9863
3519 7624
5605 2956
4875 7094
5013 7120
8937 476
9616 5025
3035 4935
9012 6081
3378 337
983 5864
4205 124
3550 8894
1926 8977
4232 8335
3518 1173
3887 3515
1287 2643
4137 1225
2350 9993
9033 2256
8715 2546
9318 5753
9080 7379
988 5285
1266 3039
5437 5697
7780 5538
8708 4175
5798 9393
6920 7518
3633 590
6374 2439
3116 6274
429 5945
1123 8439
5270 1969
4485 6956
6968 971
3651 3370
5892 5310
721 968
7043 8066
9137 742
7994 3060
6975 2117
8442 3877
9662 7710
2972 4423
9259 3484
9848 291
1386 754
3070 3586
1090 1854
4660 7060
3064 4173
6294 9956
299 196
6139 3210
1271 5634
1988 7792
292 7973
155 2442
3842 101
6231 7558
9619 3454
728 9914
1045 525
4035 4401
8444 835
1554 2836
1298 8278
9020 1432
2519 3304
8551 3537
7586 534
5891 3119
2114 1530
3420 669
5773 5226
5910 1666
1336 5356
6892 9934
1577 3466
6560 5860
3644 3764
4489 9660
9799 3408
7917 2420
2667 560
3949 4772
8599 3018
1111 8793
2043 6677
284 1928
7642 9946
6606 5630
729 6663
48 5940
6266 679
9257 437
3698 1218
4974 9184
5461 6765
503 8028
5586 6007
9778 2472
1927 6847
7060 2626
8900 4237
4743 703
1926 3472
3437 6978
3695 7512
3770 6651
4311 6149
6406 7473
4511 1776
146 5628
1517 9844
6432 4395
1784 2221
9053 931
2829 4659
7984 2159
7231 1493
1249 3290
3010 2082
1368 3000
2182 9256
6145 3853
9069 614
8002 5537
6906 2990
9652 7766
857 8045
8507 733
3852 5859
2604 9209
3673 4527
6621 2396
4121 3920
9406 5471
8863 4772
5872 6666
4834 5532
4114 813
2721 3063
3605 9417
9499 780
955 5239
3228 5981
560 5305
8273 1092
9344 6695
9780 6717
8268 1905
5089 4038
5354 652
347 817
6441 4412
7355 1140
7806 5160
2250 3104
6211 1268
5186 1792
2031 8564
8722 9282
684 8807
3068 7478
6183 326
6968 539
3188 5861
4696 6024
4681 9644
7203 1510
2914 2339
1886 5921
375 1567
8558 8967
4163 9148
1022 8569
1534 5466
9176 2294
2335 4756
9281 9478
3903 4752
7682 7057
1954 4859
8728 9204
9933 5686
9928 9019
7778 8458
103 4491
8355 2770
8090 1094
3468 7170
8758 3824
7224 5376
8261 5302
4542 5824
9337 7213
3044 5007
3756 2594
9589 2571
2432 1499
2831 1157
699 553
4452 9096
2814 3442
5526 2968
8236 7512
7638 8896
3652 7350
6486 137
4007 9720
6419 530
2112 6991
5982 8851
369 497
214 3944
6982 2373
9199 1933
8007 8573
456 1875
9078 4519
2057 1775
4584 4493
691 7902
9111 9459
743 9131
7372 5907
5706 2263
9469 6187
2619 3264
6018 3464
5959 1012
5022 5401
3722 4117
688 9677
685 4116
8050 4035
7560 7510
2251 8372
1885 7979
725 4976
1784 913
6429 5444
2672 2938
6149 2903
6337 7594
1949 3867
2796 7961
3695 1898
4893 6530
8637 814
4200 8809
2839 347
1667 8559
4394 7662
1123 6835
3266 9847
5598 1976
2682 4971
7180 5535
9293 7507
500 6591
2879 3344
1731 8484
1967 9357
9059 6384
3049 3819
319 5439
8185 620
1460 6090
123 969
986 9711
2028 7708
5016 3190
9793 7638
7519 5073
2608 2860
9946 3157
4543 7172
1447 8409
9902 1781
497 7764
4058 8728
3807 7756
6315 4947
1225 8865
8747 3155
8859 3646
9396 7619
5148 8896
5403 1095
2612 774
2336 4548
5665 7786
3572 7438
5017 7671
2254 2866
3666 7415
5225 4835
4623 2459
9224 5646
8391 9611
6989 2002
1914 2427
3253 9511
1178 397
5309 8905
5695 4821
6154 2282
8519 8965
2283 2817
3070 625
1491 3192
9065 5022
6840 7663
1781 3206
9239 9490
6450 6508
2825 4281
8183 4609
11 4031
7412 7260
1419 3088
2852 7224
1965 1768
3581 6825
9444 6543
9848 1726
6138 9086
7820 2983
3237 7079
7473 1337
950 9024
4243 6842
8888 9976
2162 5978
9447 9786
2815 7223
2598 1235
5561 6671
8336 9998
6868 9168
8586 7951
1291 2342
3124 4944
9262 9538
4876 4931
9954 7991
4572 115
3680 4291
7908 8775
3435 5174
5899 4782
1644 5714
260 8514
7673 3838
1740 8975
9795 1583
5765 6478
5774 9128
7500 8447
7097 6538
6147 3637
1830 2489
8118 6618
6253 1959
3518 2276
983 5021
5906 9907
3415 9082
4334 1235
5807 4398
953 6069
1928 944
6530 6479
6536 430
9850 7493
928 1667
6265 1651
7128 4645
375 7473
1695 234
9531 2408
5238 9297
9972 2418
5367 64
5257 3540
29 2206
5502 6135
8370 5167
9900 2639
4803 2394
433 515
5640 5810
8236 720
5282 4682
3196 8699
616 7997
6177 2824
4027 5957
3426 5958
5715 7346
2486 7323
5960 3192
7581 3038
2440 1242
6547 4907
9492 5941
6957 1995
1045 6230
4373 9797
7105 743
9596 8331
9197 1763
7832 1169
9697 9376
8915 1239
111 1829
3685 666
5218 6855
9921 2138
2247 7873
7724 6220
6110 6601
9014 9413
4392 8763
5135 75
234 1524
5449 9818
8146 5788
2126 5738
7564 8921
3770 7015
8332 7623
5944 7904
2786 6966
2630 4012
3119 6862
3534 1276
1053 7618
2064 6239
7936 2081
6614 4118
5707 3251
8849 8432
8658 9270
3070 6488
7283 2402
8072 9891
2899 9607
2890 7821
8647 9255
6405 2791
1042 533
6086 9401
6209 4865
4733 1284
94 6137
7665 7088
7979 2724
7110 6046
8394 932
8808 6772
8856 109
6503 8432
1469 2326
759 8052
2041 4862
6485 9580
42 4583
9770 9900
4159 4033
358 6205
7035 5995
8020 448
5495 2155
3081 5559
7507 4114
9895 7537
4342 1661
4037 3993
1418 8667
1458 3071
6332 2881
6967 5362
4863 385
7859 4391
6250 185
1853 4688
2077 8965
3946 8376
3159 2195
6756 2308
1172 4978
312 4709
6686 2243
2421 2763
6261 9389
6312 1263
4793 3373
3978 5151
2184 2788
7516 5907
665 6640
6749 6485
288 2190
6015 5675
4315 7764
172 1725
8976 4351
7706 7514
3686 2169
7447 4743
3749 3037
7932 9541
2840 9237
6816 7376
2572 5043
